       step          sn     cputime cputimediff       angle         ref       error           v 
   0.000000  200.000000    1.015119    1.015109   -0.000000    0.000000    0.000000    0.000000 
   1.000000  202.000000    1.024358    0.009239   -0.000000   -3.600000   -3.600000   -0.187519 
   2.000000  203.000000    1.030404    0.006046   -0.000000   -5.400000   -5.400000   -0.366037 
   3.000000  204.000000    1.036426    0.006022   -0.000000   -7.200000   -7.200000   -0.543054 
   4.000000  205.000000    1.042471    0.006045   -0.000000   -9.000000   -9.000000   -0.721572 
   5.000000  206.000000    1.048411    0.005939   -0.527344  -10.800000  -10.272656   -0.900090 
   6.000000  208.000000    1.054351    0.005940   -4.394531  -14.400000  -10.005469   -1.074107 
   7.000000  209.000000    1.060313    0.005962   -7.294922  -16.200000   -8.905078   -0.646565 
   8.000000  210.000000    1.066264    0.005951  -11.865234  -18.000000   -6.134766   -0.477048 
   9.000000  211.000000    1.072248    0.005983  -16.611328  -19.800000   -3.188672    0.036004 
  10.000000  212.000000    1.078229    0.005981  -19.335938  -21.600000   -2.264063    0.348035 
  11.000000  213.000000    1.084200    0.005972  -21.884766  -23.400000   -1.515234    0.142514 
  12.000000  215.000000    1.090366    0.006166  -23.994141  -27.000000   -3.005859    0.262526 
  13.000000  216.000000    1.096362    0.005996  -23.642578  -28.800000   -5.157422   -0.265527 
  14.000000  217.000000    1.102374    0.006012  -23.115234  -30.600000   -7.484766   -0.592559 
  15.000000  218.000000    1.108420    0.006046  -22.587891  -32.400000   -9.812109   -0.847585 
  16.000000  220.000000    1.114506    0.006086  -24.082031  -36.000000  -11.917969   -1.306631 
  17.000000  221.000000    1.120641    0.006135  -26.718750  -37.800000  -11.081250   -1.008101 
  18.000000  222.000000    1.126630    0.005989  -30.937500  -39.600000   -8.662500   -0.750075 
  19.000000  223.000000    1.132637    0.006007  -35.507812  -41.400000   -5.892187   -0.283528 
  20.000000  224.000000    1.138610    0.005973  -39.726562  -43.200000   -3.473438    0.036004 
  21.000000  226.000000    1.144580    0.005970  -46.845703  -46.800000    0.045703    0.456046 
  22.000000  227.000000    1.150571    0.005992  -48.076172  -48.600000   -0.523828    0.384038 
  23.000000  228.000000    1.156548    0.005976  -48.515625  -50.400000   -1.884375    0.070507 
  24.000000  229.000000    1.162690    0.006142  -48.515625  -52.200000   -3.684375   -0.178518 
  25.000000  230.000000    1.168792    0.006102  -48.339844  -54.000000   -5.660156   -0.418542 
  26.000000  232.000000    1.174907    0.006115  -48.867188  -57.600000   -8.732812   -0.832583 
  27.000000  233.000000    1.181153    0.006245  -50.712891  -59.400000   -8.687109   -0.816082 
  28.000000  234.000000    1.187220    0.006067  -53.789062  -61.200000   -7.410937   -0.646565 
  29.000000  235.000000    1.193326    0.006106  -58.183594  -63.000000   -4.816406   -0.345035 
  30.000000  237.000000    1.199254    0.005928  -63.193359  -66.600000   -3.406641    0.354035 
  31.000000  238.000000    1.205172    0.005918  -65.214844  -68.400000   -3.185156   -0.097510 
  32.000000  239.000000    1.211097    0.005925  -66.796875  -70.200000   -3.403125   -0.090009 
  33.000000  240.000000    1.217003    0.005906  -66.533203  -72.000000   -5.466797   -0.177018 
  34.000000  241.000000    1.222905    0.005902  -66.357422  -73.800000   -7.442578   -0.649565 
  35.000000  242.000000    1.228889    0.005985  -66.269531  -75.600000   -9.330469   -0.831083 
  36.000000  244.000000    1.234792    0.005902  -68.027344  -79.200000  -11.172656   -1.191119 
  37.000000  245.000000    1.240711    0.005919  -70.488281  -81.000000  -10.511719   -0.961596 
  38.000000  246.000000    1.246628    0.005917  -74.707031  -82.800000   -8.092969   -0.757576 
  39.000000  247.000000    1.252535    0.005908  -79.804688  -84.600000   -4.795313   -0.267027 
  40.000000  248.000000    1.258433    0.005898  -84.023438  -86.400000   -2.376562    0.183018 
  41.000000  250.000000    1.264389    0.005956  -89.736328  -90.000000   -0.263672    0.526553 
  42.000000  251.000000    1.270284    0.005895  -90.966797  -91.800000   -0.833203    0.226523 
  43.000000  252.000000    1.276234    0.005951  -90.878906  -93.600000   -2.721094    0.003000 
  44.000000  253.000000    1.282186    0.005952  -90.615234  -95.400000   -4.784766   -0.375038 
  45.000000  254.000000    1.288139    0.005953  -90.439453  -97.200000   -6.760547   -0.603060 
  46.000000  255.000000    1.294087    0.005948  -90.351562  -99.000000   -8.648438   -0.786079 
  47.000000  257.000000    1.300144    0.006057  -94.306641 -102.600000   -8.293359   -1.144614 
  48.000000  258.000000    1.306041    0.005897  -97.910156 -104.400000   -6.489844   -0.519052 
  49.000000  259.000000    1.311999    0.005958 -102.656250 -106.200000   -3.543750   -0.216022 
  50.000000  260.000000    1.317879    0.005880 -107.050781 -108.000000   -0.949219    0.238524 
  51.000000  261.000000    1.323787    0.005907 -109.775391 -109.800000   -0.024609    0.439544 
  52.000000  263.000000    1.329687    0.005900 -112.148438 -113.400000   -1.251562    0.376538 
  53.000000  264.000000    1.335625    0.005938 -111.796875 -115.200000   -3.403125   -0.156016 
  54.000000  265.000000    1.341534    0.005909 -111.269531 -117.000000   -5.730469   -0.495050 
  55.000000  266.000000    1.347430    0.005896 -110.742188 -118.800000   -8.057813   -0.750075 
  56.000000  267.000000    1.353331    0.005901 -110.390625 -120.600000  -10.209375   -0.979598 
  57.000000  269.000000    1.359225    0.005894 -114.082031 -124.200000  -10.117969   -1.377138 
  58.000000  270.000000    1.365127    0.005902 -118.300781 -126.000000   -7.699219   -0.727573 
  59.000000  271.000000    1.371022    0.005895 -124.541016 -127.800000   -3.258984   -0.261026 
  60.000000  272.000000    1.377010    0.005988 -128.759766 -129.600000   -0.840234    0.466547 
  61.000000  273.000000    1.382905    0.005895 -132.626953 -131.400000    1.226953    0.408041 
  62.000000  274.000000    1.388810    0.005905 -134.472656 -133.200000    1.272656    0.558056 
  63.000000  276.000000    1.394714    0.005904 -135.966797 -136.800000   -0.833203    0.273027 
  64.000000  277.000000    1.400615    0.005901 -135.263672 -138.600000   -3.336328   -0.207021 
  65.000000  278.000000    1.406519    0.005904 -134.560547 -140.400000   -5.839453   -0.556556 
  66.000000  279.000000    1.412415    0.005896 -134.472656 -142.200000   -7.727344   -0.802580 
  67.000000  280.000000    1.418307    0.005892 -135.966797 -144.000000   -8.033203   -0.898590 
  68.000000  281.000000    1.424205    0.005898 -138.867188 -145.800000   -6.932813   -0.700570 
  69.000000  283.000000    1.430106    0.005901 -145.810547 -149.400000   -3.589453   -0.280528 
  70.000000  284.000000    1.436008    0.005902 -148.974609 -151.200000   -2.225391    0.012001 
  71.000000  285.000000    1.441900    0.005893 -152.402344 -153.000000   -0.597656    0.106511 
  72.000000  286.000000    1.447976    0.006076 -155.390625 -154.800000    0.590625    0.304530 
  73.000000  287.000000    1.453853    0.005876 -156.005859 -156.600000   -0.594141    0.357036 
  74.000000  289.000000    1.459699    0.005846 -156.884766 -160.200000   -3.315234   -0.222022 
  75.000000  290.000000    1.465601    0.005902 -157.148438 -162.000000   -4.851562   -0.412541 
  76.000000  291.000000    1.471558    0.005957 -157.148438 -163.800000   -6.651563   -0.577558 
  77.000000  292.000000    1.477512    0.005954 -157.763672 -165.600000   -7.836328   -0.793579 
  78.000000  293.000000    1.483558    0.006046 -159.697266 -167.400000   -7.702734   -0.822082 
  79.000000  295.000000    1.489507    0.005949 -165.937500 -171.000000   -5.062500   -0.604560 
  80.000000  296.000000    1.495451    0.005944 -169.453125 -172.800000   -3.346875   -0.144014 
  81.000000  297.000000    1.501348    0.005898 -173.583984 -174.600000   -1.016016    0.034503 
  82.000000  298.000000    1.507200    0.005851 -176.748047 -176.400000    0.348047    0.352535 
  83.000000  299.000000    1.513130    0.005931 -178.330078 -178.200000    0.130078    0.345035 
  84.000000  300.000000    1.519154    0.006023 -179.824219 -180.000000   -0.175781    0.091509 
  85.000000  302.000000    1.525050    0.005896 -181.054688 -176.400000    4.654687    0.897090 
  86.000000  303.000000    1.530945    0.005895 -181.142578 -174.600000    6.542578    0.856586 
  87.000000  304.000000    1.536839    0.005894 -179.472656 -172.800000    6.672656    1.030603 
  88.000000  305.000000    1.542726    0.005888 -177.099609 -171.000000    6.099609    0.787579 
  89.000000  306.000000    1.548627    0.005900 -173.935547 -169.200000    4.735547    0.631563 
  90.000000  308.000000    1.554519    0.005893 -165.937500 -165.600000    0.337500    0.250525 
  91.000000  309.000000    1.560421    0.005901 -162.333984 -163.800000   -1.466016   -0.162016 
  92.000000  310.000000    1.566321    0.005900 -158.994141 -162.000000   -3.005859   -0.286529 
  93.000000  311.000000    1.572217    0.005896 -157.236328 -160.200000   -2.963672   -0.399040 
  94.000000  312.000000    1.578116    0.005899 -156.445312 -158.400000   -1.954687   -0.165017 
  95.000000  313.000000    1.584015    0.005899 -156.708984 -156.600000    0.108984    0.075008 
  96.000000  315.000000    1.590041    0.006025 -157.763672 -153.000000    4.763672    0.633063 
  97.000000  316.000000    1.595935    0.005894 -158.115234 -151.200000    6.915234    0.925593 
  98.000000  317.000000    1.601834    0.005899 -157.587891 -149.400000    8.187891    1.113111 
  99.000000  318.000000    1.607736    0.005901 -155.654297 -147.600000    8.054297    1.110111 
 100.000000  319.000000    1.613626    0.005890 -152.138672 -145.800000    6.338672    0.894089 
 101.000000  321.000000    1.619519    0.005893 -143.701172 -142.200000    1.501172    0.330033 
 102.000000  322.000000    1.625468    0.005950 -138.955078 -140.400000   -1.444922   -0.115512 
 103.000000  323.000000    1.631365    0.005896 -134.296875 -138.600000   -4.303125   -0.442544 
 104.000000  324.000000    1.637262    0.005897 -132.275391 -136.800000   -4.524609   -0.709571 
 105.000000  325.000000    1.643156    0.005895 -131.132812 -135.000000   -3.867188   -0.348035 
 106.000000  326.000000    1.649054    0.005898 -130.781250 -133.200000   -2.418750   -0.156016 
 107.000000  328.000000    1.655111    0.006057 -130.869141 -129.600000    1.269141    0.243024 
 108.000000  329.000000    1.661121    0.006010 -131.044922 -127.800000    3.244922    0.525053 
 109.000000  330.000000    1.667058    0.005936 -131.220703 -126.000000    5.220703    0.732073 
 110.000000  331.000000    1.673009    0.005951 -129.726562 -124.200000    5.526563    0.927093 
 111.000000  332.000000    1.678948    0.005940 -126.914062 -122.400000    4.514063    0.714071 
 112.000000  334.000000    1.684890    0.005941 -120.849609 -118.800000    2.049609    0.325533 
 113.000000  335.000000    1.690792    0.005902 -116.806641 -117.000000   -0.193359    0.133513 
 114.000000  336.000000    1.696741    0.005949 -113.378906 -115.200000   -1.821094   -0.214521 
 115.000000  337.000000    1.702631    0.005890 -111.357422 -113.400000   -2.042578   -0.283528 
 116.000000  338.000000    1.708534    0.005903 -110.214844 -111.600000   -1.385156   -0.100510 
 117.000000  340.000000    1.714429    0.005895 -109.160156 -108.000000    1.160156    0.156016 
 118.000000  341.000000    1.720328    0.005899 -108.808594 -106.200000    2.608594    0.444044 
 119.000000  342.000000    1.726219    0.005891 -108.632812 -104.400000    4.232812    0.598560 
 120.000000  343.000000    1.732114    0.005895 -107.666016 -102.600000    5.066016    0.784578 
 121.000000  344.000000    1.738007    0.005893 -105.820312 -100.800000    5.020312    0.751575 
 122.000000  345.000000    1.743898    0.005891 -103.447266  -99.000000    4.447266    0.619562 
 123.000000  347.000000    1.749797    0.005899  -97.294922  -95.400000    1.894922    0.432043 
 124.000000  348.000000    1.755698    0.005901  -93.867188  -93.600000    0.267187    0.085509 
 125.000000  349.000000    1.761592    0.005895  -90.615234  -91.800000   -1.184766   -0.073507 
 126.000000  350.000000    1.767483    0.005891  -87.978516  -90.000000   -2.021484   -0.189019 
 127.000000  351.000000    1.773495    0.006011  -86.572266  -88.200000   -1.627734   -0.181518 
 128.000000  353.000000    1.779384    0.005890  -84.199219  -84.600000   -0.400781    0.075008 
 129.000000  354.000000    1.785291    0.005907  -84.023438  -82.800000    1.223438    0.207021 
 130.000000  355.000000    1.791191    0.005900  -84.111328  -81.000000    3.111328    0.495050 
 131.000000  356.000000    1.797085    0.005894  -84.199219  -79.200000    4.999219    0.718572 
 132.000000  357.000000    1.802981    0.005896  -84.287109  -77.400000    6.887109    0.904590 
 133.000000  358.000000    1.808872    0.005891  -82.968750  -75.600000    7.368750    1.090609 
 134.000000  360.000000    1.814766    0.005894  -78.046875  -72.000000    6.046875    0.981098 
 135.000000  361.000000    1.821797    0.007031  -73.037109  -70.200000    2.837109    0.526553 
 136.000000  363.000000    1.834037    0.012240  -63.457031  -66.600000   -3.142969   -0.357036 
 137.000000  365.000000    1.840147    0.006110  -58.183594  -63.000000   -4.816406   -0.879088 
 138.000000  366.000000    1.846371    0.006224  -57.744141  -61.200000   -3.455859   -0.319532 
 139.000000  367.000000    1.852336    0.005965  -57.919922  -59.400000   -1.480078    0.004500 
 140.000000  368.000000    1.858337    0.006002  -58.183594  -57.600000    0.583594    0.288029 
 141.000000  370.000000    1.864293    0.005955  -57.480469  -54.000000    3.480469    0.703570 
 142.000000  371.000000    1.870251    0.005959  -55.634766  -52.200000    3.434766    0.619562 
 143.000000  372.000000    1.876200    0.005949  -53.173828  -50.400000    2.773828    0.475548 
 144.000000  373.000000    1.882146    0.005946  -50.097656  -48.600000    1.497656    0.321032 
 145.000000  374.000000    1.888043    0.005896  -47.197266  -46.800000    0.397266    0.106511 
 146.000000  375.000000    1.893929    0.005886  -45.351562  -45.000000    0.351562    0.025503 
 147.000000  377.000000    1.899775    0.005846  -42.451172  -41.400000    1.051172    0.171017 
 148.000000  378.000000    1.905803    0.006028  -41.660156  -39.600000    2.060156    0.346535 
 149.000000  379.000000    1.911701    0.005898  -40.957031  -37.800000    3.157031    0.496550 
 150.000000  380.000000    1.917608    0.005907  -40.429688  -36.000000    4.429688    0.618062 
 151.000000  381.000000    1.923504    0.005896  -39.990234  -34.200000    5.790234    0.769577 
 152.000000  383.000000    1.929404    0.005900  -37.617188  -30.600000    7.017188    1.050105 
 153.000000  384.000000    1.935297    0.005894  -34.541016  -28.800000    5.741016    0.822082 
 154.000000  385.000000    1.941187    0.005890  -30.585937  -27.000000    3.585938    0.532553 
 155.000000  386.000000    1.947088    0.005901  -26.279297  -25.200000    1.079297    0.193519 
 156.000000  387.000000    1.952980    0.005892  -22.148438  -23.400000   -1.251562   -0.102010 
 157.000000  388.000000    1.958895    0.005915  -18.457031  -21.600000   -3.142969   -0.304530 
 158.000000  390.000000    1.964807    0.005912  -16.435547  -18.000000   -1.564453   -0.610561 
 159.000000  391.000000    1.970712    0.005905  -17.050781  -16.200000    0.850781    0.216022 
 160.000000  392.000000    1.976701    0.005988  -18.193359  -14.400000    3.793359    0.592559 
 161.000000  393.000000    1.982600    0.005899  -19.248047  -12.600000    6.648047    0.958596 
 162.000000  394.000000    1.988509    0.005909  -19.863281  -10.800000    9.063281    1.227123 
 163.000000  396.000000    1.994392    0.005884  -15.644531   -7.200000    8.444531    1.636664 
 164.000000  397.000000    2.000299    0.005907  -10.634766   -5.400000    5.234766    0.856586 
 165.000000  398.000000    2.006204    0.005905   -5.097656   -3.600000    1.497656    0.211521 
 166.000000  399.000000    2.012233    0.006029    0.615234   -1.800000   -2.415234   -0.231023 
 167.000000  400.000000    2.018139    0.005905    5.888672    0.000000   -5.888672   -0.640564 
 168.000000  401.000000    2.024041    0.005902    8.701172    1.800000   -6.901172   -0.916592 
 169.000000  403.000000    2.029996    0.005955    9.228516    5.400000   -3.828516   -0.756076 
 170.000000  404.000000    2.035896    0.005900    7.031250    7.200000    0.168750    0.180018 
 171.000000  405.000000    2.041851    0.005955    5.009766    9.000000    3.990234    0.763576 
 172.000000  406.000000    2.047899    0.006048    4.042969   10.800000    6.757031    1.111611 
 173.000000  407.000000    2.053844    0.005945    4.746094   12.600000    7.853906    1.230123 
 174.000000  409.000000    2.059794    0.005950    9.843750   16.200000    6.356250    1.203120 
 175.000000  410.000000    2.065747    0.005953   15.556641   18.000000    2.443359    0.643564 
 176.000000  411.000000    2.071651    0.005905   21.093750   19.800000   -1.293750   -0.162016 
 177.000000  412.000000    2.077593    0.005941   26.542969   21.600000   -4.942969   -0.501050 
 178.000000  413.000000    2.083514    0.005921   30.585937   23.400000   -7.185938   -0.846085 
 179.000000  415.000000    2.089396    0.005883   32.607422   27.000000   -5.607422   -1.081608 
 180.000000  416.000000    2.095300    0.005904   30.849609   28.800000   -2.049609   -0.108011 
 181.000000  417.000000    2.101194    0.005894   28.388672   30.600000    2.211328    0.483048 
 182.000000  418.000000    2.107097    0.005903   26.191406   32.400000    6.208594    1.003600 
 183.000000  419.000000    2.112999    0.005902   26.630859   34.200000    7.569141    1.357636 
 184.000000  420.000000    2.118899    0.005899   29.091797   36.000000    6.908203    1.107111 
 185.000000  422.000000    2.124802    0.005903   37.705078   39.600000    1.894922    0.684068 
 186.000000  423.000000    2.130707    0.005904   43.417969   41.400000   -2.017969   -0.087009 
 187.000000  424.000000    2.136609    0.005902   49.042969   43.200000   -5.842969   -0.598560 
 188.000000  425.000000    2.142509    0.005900   52.558594   45.000000   -7.558594   -0.960096 
 189.000000  426.000000    2.148412    0.005902   54.052734   46.800000   -7.252734   -0.822082 
 190.000000  428.000000    2.154308    0.005897   51.767578   50.400000   -1.367578   -0.468047 
 191.000000  429.000000    2.160327    0.006019   49.921875   52.200000    2.278125    0.537054 
 192.000000  430.000000    2.166223    0.005896   48.251953   54.000000    5.748047    0.921092 
 193.000000  431.000000    2.172120    0.005896   48.251953   55.800000    7.548047    1.236124 
 194.000000  432.000000    2.178019    0.005899   50.185547   57.600000    7.414453    1.168617 
 195.000000  433.000000    2.183907    0.005888   54.140625   59.400000    5.259375    0.876088 
 196.000000  435.000000    2.189806    0.005899   63.720703   63.000000   -0.720703    0.160516 
 197.000000  436.000000    2.195707    0.005901   68.730469   64.800000   -3.930469   -0.393039 
 198.000000  437.000000    2.201607    0.005900   72.509766   66.600000   -5.909766   -0.682568 
 199.000000  438.000000    2.207516    0.005909   75.146484   68.400000   -6.746484   -0.697570 
 200.000000  439.000000    2.213436    0.005920   75.585938   70.200000   -5.385938   -0.613561 
 201.000000  441.000000    2.219337    0.005902   72.861328   73.800000    0.938672   -0.028503 
 202.000000  442.000000    2.225244    0.005906   71.279297   75.600000    4.320703    0.765077 
 203.000000  443.000000    2.231330    0.006086   71.279297   77.400000    6.120703    1.084608 
 204.000000  444.000000    2.237278    0.005948   73.037109   79.200000    6.162891    1.030603 
 205.000000  445.000000    2.243230    0.005952   76.113281   81.000000    4.886719    0.778578 
 206.000000  446.000000    2.249177    0.005947   80.332031   82.800000    2.467969    0.463546 
 207.000000  448.000000    2.255123    0.005946   88.242188   86.400000   -1.842187   -0.177018 
 208.000000  449.000000    2.261071    0.005948   91.142578   88.200000   -2.942578   -0.310531 
 209.000000  450.000000    2.266980    0.005909   92.988281   90.000000   -2.988281   -0.277528 
 210.000000  451.000000    2.272973    0.005993   94.394531   91.800000   -2.594531   -0.129013 
 211.000000  452.000000    2.278882    0.005909   95.625000   93.600000   -2.025000   -0.027003 
 212.000000  454.000000    2.284782    0.005900   96.591797   97.200000    0.608203    0.109511 
 213.000000  455.000000    2.290685    0.005903   96.679688   99.000000    2.320312    0.441044 
 214.000000  456.000000    2.296584    0.005899   96.591797  100.800000    4.208203    0.646565 
 215.000000  457.000000    2.302601    0.006018   96.503906  102.600000    6.096094    0.858086 
 216.000000  458.000000    2.308510    0.005909   97.558594  104.400000    6.841406    1.044104 
 217.000000  460.000000    2.314406    0.005896  103.095703  108.000000    4.904297    1.024602 
 218.000000  461.000000    2.320312    0.005906  107.578125  109.800000    2.221875    0.471047 
 219.000000  462.000000    2.326210    0.005898  111.796875  111.600000   -0.196875    0.003000 
 220.000000  463.000000    2.332108    0.005898  115.839844  113.400000   -2.439844   -0.195020 
 221.000000  464.000000    2.338003    0.005895  119.707031  115.200000   -4.507031   -0.388539 
 222.000000  465.000000    2.343896    0.005893  121.552734  117.000000   -4.552734   -0.567057 
 223.000000  467.000000    2.349802    0.005906  120.673828  120.600000   -0.073828   -0.280528 
 224.000000  468.000000    2.355706    0.005904  118.388672  122.400000    4.011328    0.597060 
 225.000000  469.000000    2.361609    0.005903  115.927734  124.200000    8.272266    1.164116 
 226.000000  470.000000    2.367505    0.005896  116.191406  126.000000    9.808594    1.609661 
 227.000000  471.000000    2.373532    0.006026  118.652344  127.800000    9.147656    1.363636 
 228.000000  473.000000    2.379424    0.005892  128.408203  131.400000    2.991797    0.915092 
 229.000000  474.000000    2.385329    0.005905  133.945312  133.200000   -0.745312   -0.030003 
 230.000000  475.000000    2.391228    0.005899  140.185547  135.000000   -5.185547   -0.433543 
 231.000000  476.000000    2.397121    0.005892  144.667969  136.800000   -7.867969   -0.972097 
 232.000000  477.000000    2.403079    0.005959  146.601562  138.600000   -8.001562   -0.979598 
 233.000000  478.000000    2.409038    0.005958  146.601562  140.400000   -6.201562   -0.622562 
 234.000000  480.000000    2.414991    0.005953  143.085938  144.000000    0.914062    0.010501 
 235.000000  481.000000    2.420937    0.005946  140.625000  145.800000    5.175000    0.850585 
 236.000000  482.000000    2.426891    0.005953  138.339844  147.600000    9.260156    1.308131 
 237.000000  483.000000    2.432833    0.005943  138.955078  149.400000   10.444922    1.683168 
 238.000000  484.000000    2.438778    0.005945  142.119141  151.200000    9.080859    1.378638 
 239.000000  486.000000    2.444812    0.006034  152.666016  154.800000    2.133984    0.741074 
 240.000000  487.000000    2.450718    0.005906  159.873047  156.600000   -3.273047   -0.201020 
 241.000000  488.000000    2.456616    0.005899  166.728516  158.400000   -8.328516   -0.922592 
 242.000000  489.000000    2.462515    0.005899  170.507812  160.200000  -10.307813   -1.368137 
 243.000000  490.000000    2.468413    0.005898  172.265625  162.000000  -10.265625   -1.114611 
 244.000000  492.000000    2.474312    0.005899  169.365234  165.600000   -3.765234   -0.813081 
 245.000000  493.000000    2.480208    0.005896  167.167969  167.400000    0.232031    0.393039 
 246.000000  494.000000    2.486113    0.005905  164.267578  169.200000    4.932422    0.784578 
 247.000000  495.000000    2.492010    0.005897  162.158203  171.000000    8.841797    1.347135 
 248.000000  496.000000    2.497913    0.005903  162.861328  172.800000    9.938672    1.617162 
 249.000000  497.000000    2.503808    0.005895  165.673828  174.600000    8.926172    1.315632 
 250.000000  499.000000    2.509712    0.005904  175.781250  178.200000    2.418750    0.811581 
 251.000000  500.000000    2.515667    0.005955  182.460938  180.000000   -2.460938   -0.096010 
 252.000000  501.000000    2.521566    0.005899  189.140625  178.200000  -10.940625   -0.766577 
 253.000000  502.000000    2.527464    0.005898  193.359375  176.400000  -16.959375   -2.124212 
 254.000000  503.000000    2.533363    0.005899  194.501953  174.600000  -19.901953   -2.358236 
 255.000000  505.000000    2.539264    0.005901  185.976562  171.000000  -14.976562   -2.488749 
 256.000000  506.000000    2.545169    0.005905  177.626953  169.200000   -8.426953   -0.714071 
 257.000000  507.000000    2.551164    0.005995  168.398438  167.400000   -0.998438    0.297030 
 258.000000  508.000000    2.557057    0.005893  159.433594  165.600000    6.166406    1.150615 
 259.000000  509.000000    2.562956    0.005898  153.632812  163.800000   10.167188    1.813681 
 260.000000  510.000000    2.568855    0.005900  151.347656  162.000000   10.652344    1.744674 
 261.000000  512.000000    2.574752    0.005897  155.566406  158.400000    2.833594    1.329133 
 262.000000  513.000000    2.580653    0.005901  161.191406  156.600000   -4.591406   -0.301530 
 263.000000  514.000000    2.586559    0.005906  166.992188  154.800000  -12.192187   -1.363636 
 264.000000  515.000000    2.592610    0.006051  171.298828  153.000000  -18.298828   -2.134713 
 265.000000  516.000000    2.598576    0.005966  171.474609  151.200000  -20.274609   -2.518752 
 266.000000  518.000000    2.604533    0.005957  161.015625  147.600000  -13.415625   -2.307231 
 267.000000  519.000000    2.610493    0.005960  150.996094  145.800000   -5.196094   -0.411041 
 268.000000  520.000000    2.616442    0.005949  138.955078  144.000000    5.044922    0.840084 
 269.000000  521.000000    2.622384    0.005942  130.517578  142.200000   11.682422    2.139214 
 270.000000  522.000000    2.628290    0.005905  125.771484  140.400000   14.628516    2.263726 
 271.000000  523.000000    2.634165    0.005876  126.035156  138.600000   12.564844    2.016202 
 272.000000  525.000000    2.640124    0.005958  136.845703  135.000000   -1.845703    0.883588 
 273.000000  526.000000    2.646033    0.005909  145.371094  133.200000  -12.171094   -1.248125 
 274.000000  527.000000    2.651926    0.005894  152.666016  131.400000  -21.266016   -2.542754 
 275.000000  528.000000    2.657911    0.005985  154.599609  129.600000  -24.999609   -3.258326 
 276.000000  529.000000    2.663810    0.005899  151.171875  127.800000  -23.371875   -2.845785 
 277.000000  531.000000    2.669714    0.005904  132.626953  124.200000   -8.426953   -1.749175 
 278.000000  532.000000    2.675621    0.005907  118.125000  122.400000    4.275000    0.624062 
 279.000000  533.000000    2.681519    0.005898  106.347656  120.600000   14.252344    2.406241 
 280.000000  534.000000    2.687420    0.005901   98.701172  118.800000   20.098828    2.986799 
 281.000000  535.000000    2.693416    0.005995   96.503906  117.000000   20.496094    2.959796 
 282.000000  537.000000    2.699313    0.005898  106.523438  113.400000    6.876562    2.247225 
 283.000000  538.000000    2.705218    0.005905  115.048828  111.600000   -3.448828   -0.453045 
 284.000000  539.000000    2.711116    0.005897  125.332031  109.800000  -15.532031   -1.695170 
 285.000000  540.000000    2.717016    0.005900  131.044922  108.000000  -23.044922   -3.136814 
 286.000000  541.000000    2.722909    0.005893  131.748047  106.200000  -25.548047   -3.210321 
 287.000000  542.000000    2.728813    0.005904  127.001953  104.400000  -22.601953   -2.728773 
 288.000000  544.000000    2.734704    0.005891  106.787109  100.800000   -5.987109   -1.362136 
 289.000000  545.000000    2.740599    0.005895   93.955078   99.000000    5.044922    0.943594 
 290.000000  546.000000    2.746503    0.005904   81.474609   97.200000   15.725391    2.229223 
 291.000000  547.000000    2.752404    0.005901   74.179688   95.400000   21.220313    3.226823 
 292.000000  548.000000    2.758311    0.005907   72.949219   93.600000   20.650781    3.010801 
 293.000000  549.000000    2.764208    0.005897   77.343750   91.800000   14.456250    2.074707 
 294.000000  551.000000    2.770239    0.006031   94.394531   88.200000   -6.194531    0.045005 
 295.000000  552.000000    2.776147    0.005909  105.029297   86.400000  -18.629297   -2.101710 
 296.000000  553.000000    2.782096    0.005948  111.181641   84.600000  -26.581641   -3.501350 
 297.000000  554.000000    2.788047    0.005951  111.621094   82.800000  -28.821094   -3.630363 
 298.000000  555.000000    2.793996    0.005949  106.523438   81.000000  -25.523437   -3.022802 
 299.000000  557.000000    2.799947    0.005951   84.111328   77.400000   -6.711328   -1.575158 
 300.000000  558.000000    2.805899    0.005952   69.433594   75.600000    6.166406    1.065107 
 301.000000  559.000000    2.811845    0.005946   56.162109   73.800000   17.637891    2.595260 
 302.000000  560.000000    2.817747    0.005901   48.076172   72.000000   23.923828    3.516352 
 303.000000  561.000000    2.823674    0.005927   46.494141   70.200000   23.705859    3.378338 
 304.000000  563.000000    2.829573    0.005899   58.974609   66.600000    7.625391    2.391239 
 305.000000  564.000000    2.835478    0.005905   71.455078   64.800000   -6.655078   -0.681068 
 306.000000  565.000000    2.841469    0.005991   83.583984   63.000000  -20.583984   -2.605761 
 307.000000  566.000000    2.847368    0.005899   91.054688   61.200000  -29.854688   -3.921392 
 308.000000  567.000000    2.853269    0.005901   91.845703   59.400000  -32.445703   -4.153915 
 309.000000  568.000000    2.859169    0.005901   86.835938   57.600000  -29.235937   -3.439844 
 310.000000  570.000000    2.865061    0.005892   62.050781   54.000000   -8.050781   -1.972697 
 311.000000  571.000000    2.870960    0.005899   46.933594   52.200000    5.266406    1.189619 
 312.000000  572.000000    2.876853    0.005892   31.640625   50.400000   18.759375    2.557756 
 313.000000  573.000000    2.882749    0.005896   22.500000   48.600000   26.100000    3.907891 
 314.000000  574.000000    2.888648    0.005899   20.126953   46.800000   26.673047    3.732373 
 315.000000  576.000000    2.894544    0.005896   33.837891   43.200000    9.362109    2.862286 
 316.000000  577.000000    2.900444    0.005900   47.636719   41.400000   -6.236719   -0.612061 
 317.000000  578.000000    2.906355    0.005910   61.787109   39.600000  -22.187109   -2.769277 
 318.000000  579.000000    2.912387    0.006032   70.751953   37.800000  -32.951953   -4.384938 
 319.000000  580.000000    2.918285    0.005898   72.861328   36.000000  -36.861328   -4.687969 
 320.000000  581.000000    2.924191    0.005906   68.466797   34.200000  -34.266797   -4.077408 
 321.000000  583.000000    2.930103    0.005912   42.978516   30.600000  -12.378516   -2.629763 
 322.000000  584.000000    2.936012    0.005909   25.136719   28.800000    3.663281    0.775578 
 323.000000  585.000000    2.941910    0.005898    7.734375   27.000000   19.265625    2.781278 
 324.000000  586.000000    2.947809    0.005899   -3.955078   25.200000   29.155078    4.246925 
 325.000000  587.000000    2.953705    0.005896   -8.613281   23.400000   32.013281    4.386439 
 326.000000  589.000000    2.959606    0.005901    3.164062   19.800000   16.635938    3.925893 
 327.000000  590.000000    2.965567    0.005961   16.962891   18.000000    1.037109    0.163516 
 328.000000  591.000000    2.971967    0.006400   33.222656   16.200000  -17.022656   -2.067207 
 329.000000  592.000000    2.977895    0.005928   44.296875   14.400000  -29.896875   -4.197420 
 330.000000  593.000000    2.983911    0.006016   48.779297   12.600000  -36.179297   -4.705971 
 331.000000  595.000000    2.989817    0.005906   36.210938    9.000000  -27.210938   -4.980498 
 332.000000  596.000000    2.995721    0.005904   20.302734    7.200000  -13.102734   -1.425143 
 333.000000  597.000000    3.001623    0.005902    0.966797    5.400000    4.433203    0.850585 
 334.000000  598.000000    3.007528    0.005905  -15.205078    3.600000   18.805078    3.066307 
 335.000000  599.000000    3.013425    0.005898  -25.839844    1.800000   27.639844    4.014401 
 336.000000  601.000000    3.019322    0.005896  -26.806641   -1.800000   25.006641    4.938494 
 337.000000  602.000000    3.025223    0.005902  -18.017578   -3.600000   14.417578    1.866187 
 338.000000  603.000000    3.031121    0.005898   -5.273438   -5.400000   -0.126563   -0.037504 
 339.000000  604.000000    3.037024    0.005903    7.734375   -7.200000  -14.934375   -2.038704 
 340.000000  605.000000    3.042912    0.005888   16.523438   -9.000000  -25.523437   -3.528353 
 341.000000  606.000000    3.048812    0.005900   19.423828  -10.800000  -30.223828   -3.952895 
 342.000000  608.000000    3.054835    0.006023    6.416016  -14.400000  -20.816016   -4.018902 
 343.000000  609.000000    3.060733    0.005899   -8.085938  -16.200000   -8.114062   -0.790579 
 344.000000  610.000000    3.066636    0.005903  -25.400391  -18.000000    7.400391    1.129613 
 345.000000  611.000000    3.072538    0.005901  -38.671875  -19.800000   18.871875    3.058806 
 346.000000  612.000000    3.078436    0.005898  -46.757812  -21.600000   25.157812    3.594359 
 347.000000  614.000000    3.084337    0.005901  -45.087891  -25.200000   19.887891    4.072907 
 348.000000  615.000000    3.090215    0.005878  -36.826172  -27.000000    9.826172    1.284128 
 349.000000  616.000000    3.096112    0.005897  -25.048828  -28.800000   -3.751172   -0.415542 
 350.000000  617.000000    3.102007    0.005895  -14.765625  -30.600000  -15.834375   -2.257726 
 351.000000  618.000000    3.107911    0.005904   -8.085938  -32.400000  -24.314062   -3.225323 
 352.000000  619.000000    3.113802    0.005891   -7.734375  -34.200000  -26.465625   -3.534353 
 353.000000  621.000000    3.119702    0.005900  -23.730469  -37.800000  -14.069531   -3.036304 
 354.000000  622.000000    3.125740    0.006038  -38.144531  -39.600000   -1.455469   -0.043504 
 355.000000  623.000000    3.131567    0.005827  -53.437500  -41.400000   12.037500    1.767177 
 356.000000  624.000000    3.137453    0.005886  -64.423828  -43.200000   21.223828    3.217822 
 357.000000  625.000000    3.143333    0.005880  -69.697266  -45.000000   24.697266    3.492349 
 358.000000  627.000000    3.149287    0.005954  -64.599609  -48.600000   15.999609    3.342334 
 359.000000  628.000000    3.155247    0.005959  -55.546875  -50.400000    5.146875    0.697570 
 360.000000  629.000000    3.161235    0.005989  -44.296875  -52.200000   -7.903125   -0.991599 
 361.000000  630.000000    3.167185    0.005950  -35.771484  -54.000000  -18.228516   -2.589259 
 362.000000  631.000000    3.173117    0.005932  -31.201172  -55.800000  -24.598828   -3.205821 
 363.000000  632.000000    3.179067    0.005950  -32.519531  -57.600000  -25.080469   -3.256826 
 364.000000  634.000000    3.184951    0.005884  -49.306641  -61.200000  -11.893359   -2.496250 
 365.000000  635.000000    3.190902    0.005951  -63.984375  -63.000000    0.984375    0.154515 
 366.000000  636.000000    3.196884    0.005983  -76.640625  -64.800000   11.840625    2.043204 
 367.000000  637.000000    3.202783    0.005899  -87.187500  -66.600000   20.587500    2.811281 
 368.000000  638.000000    3.208698    0.005914  -91.406250  -68.400000   23.006250    3.363336 
 369.000000  640.000000    3.214607    0.005909  -84.902344  -72.000000   12.902344    2.917792 
 370.000000  641.000000    3.220508    0.005901  -74.531250  -73.800000    0.731250    0.237024 
 371.000000  642.000000    3.226408    0.005899  -62.226563  -75.600000  -13.373437   -1.620162 
 372.000000  643.000000    3.232400    0.005992  -53.876953  -77.400000  -23.523047   -3.285329 
 373.000000  644.000000    3.238300    0.005900  -50.800781  -79.200000  -28.399219   -3.705371 
 374.000000  645.000000    3.244201    0.005901  -54.580078  -81.000000  -26.419922   -3.418842 
 375.000000  647.000000    3.250104    0.005903  -75.849609  -84.600000   -8.750391   -2.037204 
 376.000000  648.000000    3.256008    0.005904  -91.406250  -86.400000    5.006250    0.748575 
 377.000000  649.000000    3.261905    0.005897 -104.765625  -88.200000   16.565625    2.557756 
 378.000000  650.000000    3.267804    0.005899 -114.521484  -90.000000   24.521484    3.370837 
 379.000000  651.000000    3.273699    0.005895 -117.861328  -91.800000   26.061328    3.627363 
 380.000000  653.000000    3.279598    0.005899 -105.996094  -95.400000   10.596094    2.997300 
 381.000000  654.000000    3.285501    0.005903  -93.603516  -97.200000   -3.596484   -0.390039 
 382.000000  655.000000    3.291397    0.005896  -79.804688  -99.000000  -19.195312   -2.344734 
 383.000000  656.000000    3.297296    0.005898  -70.839844 -100.800000  -29.960156   -4.080408 
 384.000000  657.000000    3.303174    0.005879  -68.818359 -102.600000  -33.781641   -4.432943 
 385.000000  658.000000    3.309215    0.006040  -73.652344 -104.400000  -30.747656   -3.801380 
 386.000000  660.000000    3.315171    0.005956  -98.701172 -108.000000   -9.298828   -2.214221 
 387.000000  661.000000    3.321067    0.005896 -116.103516 -109.800000    6.303516    0.990099 
 388.000000  662.000000    3.327022    0.005955 -132.802734 -111.600000   21.202734    2.941794 
 389.000000  663.000000    3.332978    0.005956 -143.261719 -113.400000   29.861719    4.300930 
 390.000000  664.000000    3.338928    0.005951 -146.162109 -115.200000   30.962109    4.242424 
 391.000000  666.000000    3.344874    0.005946 -132.714844 -118.800000   13.914844    3.361836 
 392.000000  667.000000    3.350827    0.005953 -118.388672 -120.600000   -2.211328   -0.303030 
 393.000000  668.000000    3.356771    0.005944 -102.656250 -122.400000  -19.743750   -2.497750 
 394.000000  669.000000    3.362670    0.005898  -92.109375 -124.200000  -32.090625   -4.422442 
 395.000000  670.000000    3.368618    0.005949  -88.681641 -126.000000  -37.318359   -4.879988 
 396.000000  672.000000    3.374527    0.005908 -102.919922 -129.600000  -26.680078   -4.870987 
 397.000000  673.000000    3.380506    0.005979 -119.443359 -131.400000  -11.956641   -1.255626 
 398.000000  674.000000    3.386408    0.005902 -137.988281 -133.200000    4.788281    1.015602 
 399.000000  675.000000    3.392304    0.005896 -154.687500 -135.000000   19.687500    2.949295 
