       step          sn     cputime cputimediff       angle         ref       error           v 
   0.000000  200.000000    1.010155    1.010151   -0.000000    0.000000    0.000000    0.000000 
   1.000000  202.000000    1.019744    0.009589   -0.000000   -3.600000   -3.600000   -0.132013 
   2.000000  203.000000    1.025793    0.006049   -0.000000   -5.400000   -5.400000   -0.282028 
   3.000000  204.000000    1.031800    0.006007   -0.000000   -7.200000   -7.200000   -0.433543 
   4.000000  205.000000    1.037871    0.006072   -0.439453   -9.000000   -8.560547   -0.583558 
   5.000000  206.000000    1.043859    0.005988   -1.406250  -10.800000   -9.393750   -0.642064 
   6.000000  208.000000    1.049816    0.005956   -3.779297  -14.400000  -10.620703   -0.715572 
   7.000000  209.000000    1.055789    0.005973   -5.273438  -16.200000  -10.926562   -0.730573 
   8.000000  210.000000    1.061789    0.006000   -7.910156  -18.000000  -10.089844   -0.714071 
   9.000000  211.000000    1.067785    0.005996  -10.722656  -19.800000   -9.077344   -0.499550 
  10.000000  212.000000    1.073771    0.005986  -13.798828  -21.600000   -7.801172   -0.396040 
  11.000000  214.000000    1.079777    0.006006  -19.775391  -25.200000   -5.424609   -0.153015 
  12.000000  215.000000    1.085882    0.006105  -22.412109  -27.000000   -4.587891   -0.087009 
  13.000000  216.000000    1.091896    0.006014  -24.960938  -28.800000   -3.839063   -0.054005 
  14.000000  217.000000    1.097954    0.006058  -26.015625  -30.600000   -4.584375   -0.004500 
  15.000000  218.000000    1.104017    0.006063  -26.191406  -32.400000   -6.208594   -0.259526 
  16.000000  220.000000    1.110182    0.006165  -25.664062  -36.000000  -10.335938   -0.643564 
  17.000000  221.000000    1.116319    0.006136  -25.224609  -37.800000  -12.575391   -0.946595 
  18.000000  222.000000    1.122294    0.005976  -24.960938  -39.600000  -14.639063   -1.125113 
  19.000000  223.000000    1.128262    0.005967  -25.400391  -41.400000  -15.999609   -1.276628 
  20.000000  224.000000    1.134256    0.005994  -27.773438  -43.200000  -15.426563   -1.303630 
  21.000000  226.000000    1.140264    0.006008  -37.177734  -46.800000   -9.622266   -0.963096 
  22.000000  227.000000    1.146268    0.006004  -42.714844  -48.600000   -5.885156   -0.117012 
  23.000000  228.000000    1.152228    0.005960  -48.691406  -50.400000   -1.708594    0.180018 
  24.000000  229.000000    1.158292    0.006064  -53.876953  -52.200000    1.676953    0.582058 
  25.000000  230.000000    1.164362    0.006070  -57.041016  -54.000000    3.041016    0.760576 
  26.000000  232.000000    1.170431    0.006069  -58.359375  -57.600000    0.759375    0.726073 
  27.000000  233.000000    1.176546    0.006115  -56.953125  -59.400000   -2.446875   -0.006001 
  28.000000  234.000000    1.182515    0.005969  -54.931641  -61.200000   -6.268359   -0.430543 
  29.000000  235.000000    1.188650    0.006135  -52.910156  -63.000000  -10.089844   -0.828083 
  30.000000  237.000000    1.194692    0.006042  -53.789062  -66.600000  -12.810938   -1.464146 
  31.000000  238.000000    1.200736    0.006044  -56.601562  -68.400000  -11.798437   -0.937594 
  32.000000  239.000000    1.206763    0.006027  -61.699219  -70.200000   -8.500781   -0.676568 
  33.000000  240.000000    1.212787    0.006024  -66.796875  -72.000000   -5.203125   -0.109511 
  34.000000  241.000000    1.218862    0.006074  -71.015625  -73.800000   -2.784375    0.162016 
  35.000000  243.000000    1.225071    0.006210  -76.640625  -77.400000   -0.759375    0.448545 
  36.000000  244.000000    1.231276    0.006205  -77.343750  -79.200000   -1.856250    0.177018 
  37.000000  245.000000    1.237318    0.006041  -76.992188  -81.000000   -4.007813   -0.130513 
  38.000000  246.000000    1.243363    0.006045  -76.464844  -82.800000   -6.335156   -0.445545 
  39.000000  247.000000    1.249362    0.005998  -75.937500  -84.600000   -8.662500   -0.663066 
  40.000000  249.000000    1.255373    0.006011  -76.201172  -88.200000  -11.998828   -1.050105 
  41.000000  250.000000    1.261277    0.005904  -78.134766  -90.000000  -11.865234   -0.982598 
  42.000000  251.000000    1.267184    0.005907  -80.595703  -91.800000  -11.204297   -0.816082 
  43.000000  252.000000    1.273088    0.005904  -84.550781  -93.600000   -9.049219   -0.696070 
  44.000000  253.000000    1.278990    0.005902  -89.560547  -95.400000   -5.839453   -0.327033 
  45.000000  255.000000    1.284888    0.005898  -95.712891  -99.000000   -3.287109    0.339034 
  46.000000  256.000000    1.290794    0.005905  -98.261719 -100.800000   -2.538281   -0.024002 
  47.000000  257.000000    1.296702    0.005909 -100.458984 -102.600000   -2.141016    0.027003 
  48.000000  258.000000    1.302619    0.005917 -100.810547 -104.400000   -3.589453    0.013501 
  49.000000  259.000000    1.308577    0.005959 -101.074219 -106.200000   -5.125781   -0.345035 
  50.000000  260.000000    1.314480    0.005903 -101.250000 -108.000000   -6.750000   -0.486049 
  51.000000  262.000000    1.320453    0.005973 -101.689453 -111.600000   -9.910547   -0.768077 
  52.000000  263.000000    1.326417    0.005964 -103.710938 -113.400000   -9.689062   -0.867087 
  53.000000  264.000000    1.332460    0.006043 -106.699219 -115.200000   -8.500781   -0.646565 
  54.000000  265.000000    1.338400    0.005939 -110.478516 -117.000000   -6.521484   -0.426043 
  55.000000  266.000000    1.344355    0.005956 -113.994141 -118.800000   -4.805859   -0.162016 
  56.000000  268.000000    1.350246    0.005890 -119.619141 -122.400000   -2.780859    0.087009 
  57.000000  269.000000    1.356202    0.005956 -121.201172 -124.200000   -2.998828   -0.048005 
  58.000000  270.000000    1.362109    0.005907 -121.904297 -126.000000   -4.095703   -0.157516 
  59.000000  271.000000    1.368018    0.005909 -122.255859 -127.800000   -5.544141   -0.363036 
  60.000000  272.000000    1.373915    0.005897 -122.431641 -129.600000   -7.168359   -0.529553 
  61.000000  274.000000    1.379817    0.005902 -124.101562 -133.200000   -9.098438   -0.823582 
  62.000000  275.000000    1.385732    0.005915 -126.650391 -135.000000   -8.349609   -0.672067 
  63.000000  276.000000    1.391639    0.005907 -130.429688 -136.800000   -6.370313   -0.487549 
  64.000000  277.000000    1.397541    0.005903 -134.296875 -138.600000   -4.303125   -0.166517 
  65.000000  278.000000    1.403537    0.005995 -136.230469 -140.400000   -4.169531    0.015002 
  66.000000  279.000000    1.409444    0.005908 -138.164062 -142.200000   -4.035938   -0.225023 
  67.000000  281.000000    1.415358    0.005913 -142.207031 -145.800000   -3.592969   -0.204020 
  68.000000  282.000000    1.421271    0.005913 -142.382812 -147.600000   -5.217187   -0.169517 
  69.000000  283.000000    1.427171    0.005901 -142.294922 -149.400000   -7.105078   -0.543054 
  70.000000  284.000000    1.433077    0.005906 -142.031250 -151.200000   -9.168750   -0.735074 
  71.000000  285.000000    1.438976    0.005899 -142.382812 -153.000000  -10.617188   -0.931593 
  72.000000  287.000000    1.444876    0.005900 -146.074219 -156.600000  -10.525781   -1.095110 
  73.000000  288.000000    1.450786    0.005910 -150.468750 -158.400000   -7.931250   -0.702070 
  74.000000  289.000000    1.456686    0.005900 -155.302734 -160.200000   -4.897266   -0.240024 
  75.000000  290.000000    1.462595    0.005909 -159.873047 -162.000000   -2.126953    0.067507 
  76.000000  291.000000    1.468498    0.005903 -163.212891 -163.800000   -0.587109    0.262526 
  77.000000  293.000000    1.474527    0.006029 -166.816406 -167.400000   -0.583594    0.358536 
  78.000000  294.000000    1.480442    0.005916 -167.783203 -169.200000   -1.416797   -0.042004 
  79.000000  295.000000    1.486334    0.005892 -168.574219 -171.000000   -2.425781   -0.145515 
  80.000000  296.000000    1.492222    0.005888 -168.925781 -172.800000   -3.874219   -0.252025 
  81.000000  297.000000    1.498170    0.005948 -169.277344 -174.600000   -5.322656   -0.429043 
  82.000000  298.000000    1.504134    0.005964 -169.453125 -176.400000   -6.946875   -0.550555 
  83.000000  300.000000    1.510088    0.005954 -172.617188 -180.000000   -7.382812   -0.844584 
  84.000000  301.000000    1.516039    0.005951 -174.990234 -178.200000   -3.209766   -0.535554 
  85.000000  302.000000    1.521986    0.005947 -177.539062 -176.400000    1.139062    0.342034 
  86.000000  303.000000    1.527931    0.005945 -179.912109 -174.600000    5.312109    0.726073 
  87.000000  304.000000    1.533824    0.005893 -181.406250 -172.800000    8.606250    1.050105 
  88.000000  306.000000    1.539849    0.006026 -178.769531 -169.200000    9.569531    1.485149 
  89.000000  307.000000    1.545859    0.006009 -175.341797 -167.400000    7.941797    0.832583 
  90.000000  308.000000    1.551766    0.005907 -170.419922 -165.600000    4.819922    0.529553 
  91.000000  309.000000    1.557670    0.005905 -165.585938 -163.800000    1.785937    0.079508 
  92.000000  310.000000    1.563575    0.005905 -160.927734 -162.000000   -1.072266   -0.160516 
  93.000000  311.000000    1.569473    0.005898 -157.236328 -160.200000   -2.963672   -0.375038 
  94.000000  313.000000    1.575375    0.005902 -155.039062 -156.600000   -1.560938   -0.564056 
  95.000000  314.000000    1.581274    0.005900 -155.742188 -154.800000    0.942188    0.127513 
  96.000000  315.000000    1.587177    0.005903 -156.884766 -153.000000    3.884766    0.483048 
  97.000000  316.000000    1.593078    0.005901 -157.851562 -151.200000    6.651563    0.784578 
  98.000000  317.000000    1.598980    0.005902 -158.730469 -149.400000    9.330469    0.991599 
  99.000000  319.000000    1.604880    0.005899 -156.005859 -145.800000   10.205859    1.428143 
 100.000000  320.000000    1.610788    0.005908 -152.578125 -144.000000    8.578125    0.943594 
 101.000000  321.000000    1.616801    0.006013 -147.128906 -142.200000    4.928906    0.595560 
 102.000000  322.000000    1.622710    0.005908 -141.855469 -140.400000    1.455469    0.034503 
 103.000000  323.000000    1.628616    0.005906 -137.460938 -138.600000   -1.139062   -0.231023 
 104.000000  325.000000    1.634520    0.005905 -132.187500 -135.000000   -2.812500   -0.547555 
 105.000000  326.000000    1.640432    0.005912 -130.957031 -133.200000   -2.242969   -0.156016 
 106.000000  327.000000    1.646338    0.005905 -130.078125 -131.400000   -1.321875   -0.018002 
 107.000000  328.000000    1.652236    0.005898 -129.375000 -129.600000   -0.225000    0.103510 
 108.000000  329.000000    1.658179    0.005943 -128.847656 -127.800000    1.047656    0.216022 
 109.000000  330.000000    1.664070    0.005891 -128.496094 -126.000000    2.496094    0.345035 
 110.000000  332.000000    1.670020    0.005950 -128.056641 -122.400000    5.656641    0.609061 
 111.000000  333.000000    1.675975    0.005955 -127.617188 -120.600000    7.017188    0.775578 
 112.000000  334.000000    1.681923    0.005948 -125.947266 -118.800000    7.147266    0.856586 
 113.000000  335.000000    1.687980    0.006057 -123.837891 -117.000000    6.837891    0.711071 
 114.000000  336.000000    1.693914    0.005934 -121.201172 -115.200000    6.001172    0.630063 
 115.000000  338.000000    1.699819    0.005905 -113.994141 -111.600000    2.394141    0.424542 
 116.000000  339.000000    1.705715    0.005896 -110.478516 -109.800000    0.678516    0.061506 
 117.000000  340.000000    1.711667    0.005951 -107.578125 -108.000000   -0.421875   -0.058506 
 118.000000  341.000000    1.717566    0.005900 -105.029297 -106.200000   -1.170703   -0.070507 
 119.000000  342.000000    1.723469    0.005903 -103.535156 -104.400000   -0.864844   -0.087009 
 120.000000  343.000000    1.729363    0.005893 -102.656250 -102.600000    0.056250    0.075008 
 121.000000  345.000000    1.735261    0.005898 -102.656250  -99.000000    3.656250    0.306031 
 122.000000  346.000000    1.741164    0.005903 -103.007812  -97.200000    5.807812    0.666067 
 123.000000  347.000000    1.747067    0.005903 -103.183594  -95.400000    7.783594    0.868587 
 124.000000  348.000000    1.752962    0.005895 -103.095703  -93.600000    9.495703    1.011101 
 125.000000  349.000000    1.758991    0.006029 -101.074219  -91.800000    9.274219    1.122112 
 126.000000  351.000000    1.764883    0.005892  -93.779297  -88.200000    5.579297    0.838584 
 127.000000  352.000000    1.770782    0.005898  -88.593750  -86.400000    2.193750    0.282028 
 128.000000  353.000000    1.776677    0.005895  -83.583984  -84.600000   -1.016016   -0.133513 
 129.000000  354.000000    1.782583    0.005906  -78.750000  -82.800000   -4.050000   -0.376538 
 130.000000  355.000000    1.788492    0.005909  -76.201172  -81.000000   -4.798828   -0.607561 
 131.000000  356.000000    1.794395    0.005903  -74.355469  -79.200000   -4.844531   -0.375038 
 132.000000  358.000000    1.800292    0.005897  -74.003906  -75.600000   -1.596094   -0.294029 
 133.000000  359.000000    1.806193    0.005901  -74.531250  -73.800000    0.731250    0.238524 
 134.000000  360.000000    1.812091    0.005898  -75.058594  -72.000000    3.058594    0.477048 
 135.000000  361.000000    1.817990    0.005899  -75.498047  -70.200000    5.298047    0.670567 
 136.000000  362.000000    1.823886    0.005896  -74.355469  -68.400000    5.955469    0.846085 
 137.000000  364.000000    1.829782    0.005897  -70.488281  -64.800000    5.688281    0.753075 
 138.000000  365.000000    1.835682    0.005899  -67.500000  -63.000000    4.500000    0.555056 
 139.000000  366.000000    1.841577    0.005895  -63.808594  -61.200000    2.608594    0.343534 
 140.000000  367.000000    1.847477    0.005900  -60.292969  -59.400000    0.892969    0.097510 
 141.000000  368.000000    1.853373    0.005896  -57.041016  -57.600000   -0.558984   -0.021002 
 142.000000  369.000000    1.859269    0.005896  -55.283203  -55.800000   -0.516797   -0.108011 
 143.000000  371.000000    1.865327    0.006058  -52.558594  -52.200000    0.358594    0.091509 
 144.000000  372.000000    1.871425    0.006098  -51.943359  -50.400000    1.543359    0.240024 
 145.000000  373.000000    1.877363    0.005937  -51.591797  -48.600000    2.991797    0.406541 
 146.000000  374.000000    1.883314    0.005952  -51.503906  -46.800000    4.703906    0.561056 
 147.000000  375.000000    1.889262    0.005947  -51.503906  -45.000000    6.503906    0.738074 
 148.000000  377.000000    1.895165    0.005903  -49.482422  -41.400000    8.082422    1.050105 
 149.000000  378.000000    1.901248    0.006083  -46.933594  -39.600000    7.333594    0.865587 
 150.000000  379.000000    1.907139    0.005891  -43.154297  -37.800000    5.354297    0.646565 
 151.000000  380.000000    1.913038    0.005899  -39.199219  -36.000000    3.199219    0.325533 
 152.000000  381.000000    1.918935    0.005897  -34.892578  -34.200000    0.692578    0.126013 
 153.000000  383.000000    1.924830    0.005895  -28.037109  -30.600000   -2.562891   -0.334533 
 154.000000  384.000000    1.930729    0.005900  -26.630859  -28.800000   -2.169141   -0.193519 
 155.000000  385.000000    1.936721    0.005992  -26.191406  -27.000000   -0.808594    0.007501 
 156.000000  386.000000    1.942625    0.005903  -26.103516  -25.200000    0.903516    0.244524 
 157.000000  387.000000    1.948521    0.005897  -26.279297  -23.400000    2.879297    0.432043 
 158.000000  388.000000    1.954424    0.005903  -26.367188  -21.600000    4.767187    0.631563 
 159.000000  390.000000    1.960323    0.005899  -24.873047  -18.000000    6.873047    0.934593 
 160.000000  391.000000    1.966223    0.005901  -21.884766  -16.200000    5.684766    0.741074 
 161.000000  392.000000    1.972123    0.005900  -18.457031  -14.400000    4.057031    0.462046 
 162.000000  393.000000    1.978016    0.005893  -14.765625  -12.600000    2.165625    0.271527 
 163.000000  394.000000    1.983919    0.005903  -10.898438  -10.800000    0.098437    0.081008 
 164.000000  396.000000    1.989819    0.005901   -5.712891   -7.200000   -1.487109   -0.283528 
 165.000000  397.000000    1.995723    0.005904   -5.009766   -5.400000   -0.390234   -0.006001 
 166.000000  398.000000    2.001624    0.005901   -4.921875   -3.600000    1.321875    0.255026 
 167.000000  399.000000    2.007523    0.005899   -4.921875   -1.800000    3.121875    0.475548 
 168.000000  400.000000    2.013538    0.006015   -5.009766    0.000000    5.009766    0.637564 
 169.000000  401.000000    2.019431    0.005893   -5.097656    1.800000    6.897656    0.807081 
 170.000000  403.000000    2.025571    0.006140   -0.000000    5.400000    5.400000    1.122112 
 171.000000  404.000000    2.031563    0.005992    4.218750    7.200000    2.981250    0.424542 
 172.000000  405.000000    2.037513    0.005951    9.052734    9.000000   -0.052734    0.088509 
 173.000000  406.000000    2.043529    0.006015   13.623047   10.800000   -2.823047   -0.241524 
 174.000000  407.000000    2.049428    0.005900   16.083984   12.600000   -3.483984   -0.438044 
 175.000000  409.000000    2.055319    0.005890   17.841797   16.200000   -1.641797   -0.276028 
 176.000000  410.000000    2.061272    0.005953   17.666016   18.000000    0.333984    0.190519 
 177.000000  411.000000    2.067168    0.005896   17.490234   19.800000    2.309766    0.433543 
 178.000000  412.000000    2.073064    0.005896   17.402344   21.600000    4.197656    0.598560 
 179.000000  413.000000    2.079059    0.005995   18.544922   23.400000    4.855078    0.744074 
 180.000000  415.000000    2.084956    0.005897   23.906250   27.000000    3.093750    0.696070 
 181.000000  416.000000    2.090856    0.005900   27.509766   28.800000    1.290234    0.259526 
 182.000000  417.000000    2.096749    0.005893   31.025391   30.600000   -0.425391    0.031503 
 183.000000  418.000000    2.102655    0.005907   34.365234   32.400000   -1.965234   -0.100510 
 184.000000  419.000000    2.108560    0.005905   36.914062   34.200000   -2.714062   -0.205521 
 185.000000  420.000000    2.114457    0.005896   37.617188   36.000000   -1.617187   -0.166517 
 186.000000  422.000000    2.120365    0.005908   37.441406   39.600000    2.158594    0.253525 
 187.000000  423.000000    2.126268    0.005903   37.001953   41.400000    4.398047    0.612061 
 188.000000  424.000000    2.132167    0.005900   36.562500   43.200000    6.637500    0.810081 
 189.000000  425.000000    2.138066    0.005899   36.210938   45.000000    8.789062    0.997600 
 190.000000  426.000000    2.143972    0.005905   37.529297   46.800000    9.270703    1.167117 
 191.000000  428.000000    2.149871    0.005899   44.736328   50.400000    5.663672    1.033603 
 192.000000  429.000000    2.155892    0.006021   50.185547   52.200000    2.014453    0.279028 
 193.000000  430.000000    2.161790    0.005898   56.425781   54.000000   -2.425781   -0.135014 
 194.000000  431.000000    2.167687    0.005897   60.468750   55.800000   -4.668750   -0.606061 
 195.000000  432.000000    2.173580    0.005892   63.632812   57.600000   -6.032812   -0.510051 
 196.000000  433.000000    2.179476    0.005896   65.478516   59.400000   -6.078516   -0.511551 
 197.000000  435.000000    2.185378    0.005902   64.599609   63.000000   -1.599609   -0.351035 
 198.000000  436.000000    2.191295    0.005917   62.929688   64.800000    1.870313    0.397540 
 199.000000  437.000000    2.197242    0.005946   61.435547   66.600000    5.164453    0.763576 
 200.000000  438.000000    2.203144    0.005902   61.523437   68.400000    6.876562    1.015602 
 201.000000  439.000000    2.209093    0.005950   63.369141   70.200000    6.830859    0.955596 
 202.000000  441.000000    2.215048    0.005954   70.664062   73.800000    3.135938    0.723072 
 203.000000  442.000000    2.220995    0.005947   75.234375   75.600000    0.365625    0.129013 
 204.000000  443.000000    2.227076    0.006082   80.419922   77.400000   -3.019922   -0.157516 
 205.000000  444.000000    2.233012    0.005935   82.968750   79.200000   -3.768750   -0.519052 
 206.000000  445.000000    2.238914    0.005902   85.341797   81.000000   -4.341797   -0.241524 
 207.000000  447.000000    2.244864    0.005950   87.451172   84.600000   -2.851172   -0.315032 
 208.000000  448.000000    2.250759    0.005895   87.099609   86.400000   -0.699609    0.103510 
 209.000000  449.000000    2.256647    0.005888   86.396484   88.200000    1.803516    0.384038 
 210.000000  450.000000    2.262547    0.005900   85.781250   90.000000    4.218750    0.637564 
 211.000000  451.000000    2.268446    0.005899   85.605469   91.800000    6.194531    0.826583 
 212.000000  452.000000    2.274344    0.005898   87.011719   93.600000    6.588281    0.936094 
 213.000000  454.000000    2.280241    0.005898   92.460938   97.200000    4.739063    0.798080 
 214.000000  455.000000    2.286145    0.005903   96.855469   99.000000    2.144531    0.388539 
 215.000000  456.000000    2.292039    0.005894  101.337891  100.800000   -0.537891    0.016502 
 216.000000  457.000000    2.298062    0.006023  105.117188  102.600000   -2.517187   -0.217522 
 217.000000  458.000000    2.303959    0.005897  107.578125  104.400000   -3.178125   -0.291029 
 218.000000  460.000000    2.309854    0.005895  109.863281  108.000000   -1.863281   -0.232523 
 219.000000  461.000000    2.315754    0.005900  109.160156  109.800000    0.639844    0.190519 
 220.000000  462.000000    2.321647    0.005893  108.281250  111.600000    3.318750    0.546055 
 221.000000  463.000000    2.327539    0.005892  107.578125  113.400000    5.821875    0.792079 
 222.000000  464.000000    2.333425    0.005886  107.929688  115.200000    7.270312    0.978098 
 223.000000  465.000000    2.339314    0.005888  109.511719  117.000000    7.488281    0.963096 
 224.000000  467.000000    2.345212    0.005899  115.839844  120.600000    4.760156    0.843084 
 225.000000  468.000000    2.351113    0.005901  120.673828  122.400000    1.726172    0.352535 
 226.000000  469.000000    2.357013    0.005900  125.156250  124.200000   -0.956250   -0.067507 
 227.000000  470.000000    2.362911    0.005898  128.144531  126.000000   -2.144531   -0.244524 
 228.000000  471.000000    2.368892    0.005981  131.220703  127.800000   -3.420703   -0.151515 
 229.000000  473.000000    2.374784    0.005893  133.945312  131.400000   -2.545312   -0.375038 
 230.000000  474.000000    2.380686    0.005902  133.593750  133.200000   -0.393750    0.118512 
 231.000000  475.000000    2.386579    0.005894  132.626953  135.000000    2.373047    0.421542 
 232.000000  476.000000    2.392471    0.005892  131.748047  136.800000    5.051953    0.730573 
 233.000000  477.000000    2.398372    0.005901  131.396484  138.600000    7.203516    0.943594 
 234.000000  478.000000    2.404382    0.006010  132.626953  140.400000    7.773047    1.054605 
 235.000000  480.000000    2.410398    0.006015  138.515625  144.000000    5.484375    0.948095 
 236.000000  481.000000    2.416350    0.005952  142.998047  145.800000    2.801953    0.397540 
 237.000000  482.000000    2.422303    0.005953  147.304688  147.600000    0.295313    0.073507 
 238.000000  483.000000    2.428249    0.005947  152.138672  149.400000   -2.738672   -0.111011 
 239.000000  484.000000    2.434197    0.005948  155.478516  151.200000   -4.278516   -0.432043 
 240.000000  486.000000    2.440216    0.006019  157.851562  154.800000   -3.051562   -0.495050 
 241.000000  487.000000    2.446111    0.005895  157.500000  156.600000   -0.900000    0.094509 
 242.000000  488.000000    2.452005    0.005894  156.796875  158.400000    1.603125    0.385539 
 243.000000  489.000000    2.457900    0.005895  156.269531  160.200000    3.930469    0.639064 
 244.000000  490.000000    2.463797    0.005897  155.830078  162.000000    6.169922    0.810081 
 245.000000  492.000000    2.469693    0.005896  159.169922  165.600000    6.430078    1.171617 
 246.000000  493.000000    2.475598    0.005905  162.685547  167.400000    4.714453    0.660066 
 247.000000  494.000000    2.481495    0.005897  167.519531  169.200000    1.680469    0.360036 
 248.000000  495.000000    2.487449    0.005954  172.089844  171.000000   -1.089844   -0.060006 
 249.000000  496.000000    2.493411    0.005963  175.517578  172.800000   -2.717578   -0.256526 
 250.000000  497.000000    2.499314    0.005903  177.714844  174.600000   -3.114844   -0.244524 
 251.000000  499.000000    2.505222    0.005908  179.296875  178.200000   -1.096875   -0.153015 
 252.000000  500.000000    2.511131    0.005910  179.384766  180.000000    0.615234    0.273027 
 253.000000  501.000000    2.517020    0.005889  179.384766  178.200000   -1.184766    0.460546 
 254.000000  502.000000    2.522916    0.005896  179.296875  176.400000   -2.896875   -0.141014 
 255.000000  503.000000    2.528820    0.005905  180.087891  174.600000   -5.487891   -0.273027 
 256.000000  505.000000    2.534720    0.005900  181.318359  171.000000  -10.318359   -0.817582 
 257.000000  506.000000    2.540626    0.005906  180.527344  169.200000  -11.327344   -0.916592 
 258.000000  507.000000    2.546526    0.005900  178.945312  167.400000  -11.545313   -0.891089 
 259.000000  508.000000    2.552424    0.005898  176.660156  165.600000  -11.060156   -0.810081 
 260.000000  509.000000    2.558318    0.005893  173.056641  163.800000   -9.256641   -0.682568 
 261.000000  510.000000    2.564211    0.005893  168.398438  162.000000   -6.398438   -0.364536 
 262.000000  512.000000    2.570105    0.005894  161.982422  158.400000   -3.582422    0.243024 
 263.000000  513.000000    2.576000    0.005896  159.433594  156.600000   -2.833594   -0.001500 
 264.000000  514.000000    2.581903    0.005903  157.412109  154.800000   -2.612109    0.025503 
 265.000000  515.000000    2.587802    0.005899  157.060547  153.000000   -4.060547   -0.024002 
 266.000000  516.000000    2.593884    0.006082  156.884766  151.200000   -5.684766   -0.361536 
 267.000000  518.000000    2.599835    0.005951  156.621094  147.600000   -9.021094   -0.654065 
 268.000000  519.000000    2.605790    0.005955  156.533203  145.800000  -10.733203   -0.811581 
 269.000000  520.000000    2.611738    0.005948  154.687500  144.000000  -10.687500   -0.957096 
 270.000000  521.000000    2.617681    0.005943  151.699219  142.200000   -9.499219   -0.729073 
 271.000000  522.000000    2.623773    0.006092  148.007812  140.400000   -7.607812   -0.486049 
 272.000000  524.000000    2.629675    0.005902  140.097656  136.800000   -3.297656   -0.084008 
 273.000000  525.000000    2.635657    0.005982  137.548828  135.000000   -2.548828    0.124512 
 274.000000  526.000000    2.641556    0.005899  135.615234  133.200000   -2.415234    0.028503 
 275.000000  527.000000    2.647449    0.005893  134.648438  131.400000   -3.248438   -0.040504 
 276.000000  528.000000    2.653335    0.005886  133.769531  129.600000   -4.169531   -0.235524 
 277.000000  529.000000    2.659276    0.005941  133.066406  127.800000   -5.266406   -0.324032 
 278.000000  531.000000    2.665178    0.005903  130.781250  124.200000   -6.581250   -0.531053 
 279.000000  532.000000    2.671080    0.005901  129.023438  122.400000   -6.623438   -0.427543 
 280.000000  533.000000    2.676977    0.005897  126.123047  120.600000   -5.523047   -0.421542 
 281.000000  534.000000    2.682878    0.005902  124.365234  118.800000   -5.565234   -0.184518 
 282.000000  535.000000    2.688775    0.005897  123.046875  117.000000   -6.046875   -0.337534 
 283.000000  537.000000    2.694671    0.005896  121.113281  113.400000   -7.713281   -0.475548 
 284.000000  538.000000    2.700577    0.005906  119.794922  111.600000   -8.194922   -0.634563 
 285.000000  539.000000    2.706472    0.005895  117.333984  109.800000   -7.533984   -0.619562 
 286.000000  540.000000    2.712371    0.005899  115.136719  108.000000   -7.136719   -0.420042 
 287.000000  541.000000    2.718265    0.005894  113.027344  106.200000   -6.827344   -0.423042 
 288.000000  542.000000    2.724164    0.005899  110.478516  104.400000   -6.078516   -0.409541 
 289.000000  544.000000    2.730056    0.005892  103.886719  100.800000   -3.086719   -0.231023 
 290.000000  545.000000    2.736074    0.006018  101.953125   99.000000   -2.953125    0.054005 
 291.000000  546.000000    2.741979    0.005905  100.546875   97.200000   -3.346875   -0.117012 
 292.000000  547.000000    2.747883    0.005904   99.580078   95.400000   -4.180078   -0.217522 
 293.000000  548.000000    2.753783    0.005900   98.789062   93.600000   -5.189063   -0.345035 
 294.000000  550.000000    2.759681    0.005898   96.416016   90.000000   -6.416016   -0.537054 
 295.000000  551.000000    2.765593    0.005912   94.746094   88.200000   -6.546094   -0.444044 
 296.000000  552.000000    2.771485    0.005892   93.339844   86.400000   -6.939844   -0.457546 
 297.000000  553.000000    2.777368    0.005883   92.021484   84.600000   -7.421484   -0.525053 
 298.000000  554.000000    2.783322    0.005954   90.703125   82.800000   -7.903125   -0.579058 
 299.000000  555.000000    2.789274    0.005951   87.978516   81.000000   -6.978516   -0.621062 
 300.000000  557.000000    2.795322    0.006048   82.353516   77.400000   -4.953516   -0.288029 
 301.000000  558.000000    2.801278    0.005957   79.453125   75.600000   -3.853125   -0.154515 
 302.000000  559.000000    2.807341    0.006063   76.728516   73.800000   -2.928516   -0.087009 
 303.000000  560.000000    2.813237    0.005895   74.179688   72.000000   -2.179688   -0.034503 
 304.000000  561.000000    2.819127    0.005891   72.685547   70.200000   -2.485547    0.004500 
 305.000000  563.000000    2.825029    0.005902   72.070312   66.600000   -5.470312   -0.183018 
 306.000000  564.000000    2.830932    0.005902   72.246094   64.800000   -7.446094   -0.600060 
 307.000000  565.000000    2.836829    0.005897   72.421875   63.000000   -9.421875   -0.789079 
 308.000000  566.000000    2.842730    0.005901   72.509766   61.200000  -11.309766   -0.955596 
 309.000000  567.000000    2.848625    0.005895   71.191406   59.400000  -11.791406   -1.104110 
 310.000000  569.000000    2.854524    0.005899   63.896484   55.800000   -8.096484   -1.005101 
 311.000000  570.000000    2.860426    0.005902   58.183594   54.000000   -4.183594   -0.279028 
 312.000000  571.000000    2.866323    0.005898   53.701172   52.200000   -1.501172    0.225023 
 313.000000  572.000000    2.872215    0.005892   49.921875   50.400000    0.478125    0.288029 
 314.000000  573.000000    2.878232    0.006017   47.197266   48.600000    1.402734    0.361536 
 315.000000  574.000000    2.884125    0.005893   45.175781   46.800000    1.624219    0.303030 
 316.000000  576.000000    2.890025    0.005900   43.945312   43.200000   -0.745312    0.249025 
 317.000000  577.000000    2.895926    0.005901   44.033203   41.400000   -2.633203   -0.192019 
 318.000000  578.000000    2.901831    0.005904   44.121094   39.600000   -4.521094   -0.394539 
 319.000000  579.000000    2.907739    0.005908   44.208984   37.800000   -6.408984   -0.552055 
 320.000000  580.000000    2.913637    0.005898   44.033203   36.000000   -8.033203   -0.711071 
 321.000000  582.000000    2.919532    0.005895   39.990234   32.400000   -7.590234   -0.948095 
 322.000000  583.000000    2.925438    0.005907   37.001953   30.600000   -6.401953   -0.520552 
 323.000000  584.000000    2.931335    0.005897   33.574219   28.800000   -4.774219   -0.321032 
 324.000000  585.000000    2.937232    0.005897   30.234375   27.000000   -3.234375   -0.130513 
 325.000000  586.000000    2.943131    0.005899   27.158203   25.200000   -1.958203   -0.016502 
 326.000000  587.000000    2.949111    0.005980   24.257812   23.400000   -0.857813    0.055506 
 327.000000  589.000000    2.955064    0.005953   21.181641   19.800000   -1.381641    0.214521 
 328.000000  590.000000    2.960962    0.005897   20.566406   18.000000   -2.566406   -0.114011 
 329.000000  591.000000    2.966911    0.005949   20.390625   16.200000   -4.190625   -0.313531 
 330.000000  592.000000    2.972858    0.005947   20.390625   14.400000   -5.990625   -0.507051 
 331.000000  593.000000    2.978802    0.005944   20.390625   12.600000   -7.790625   -0.679568 
 332.000000  595.000000    2.984751    0.005950   18.457031    9.000000   -9.457031   -0.981098 
 333.000000  596.000000    2.990702    0.005950   16.787109    7.200000   -9.587109   -0.748575 
 334.000000  597.000000    2.996636    0.005934   14.062500    5.400000   -8.662500   -0.772577 
 335.000000  598.000000    3.002546    0.005910    9.843750    3.600000   -6.243750   -0.562556 
 336.000000  599.000000    3.008445    0.005899    5.537109    1.800000   -3.737109   -0.171017 
 337.000000  600.000000    3.014271    0.005826    1.845703    0.000000   -1.845703    0.046505 
 338.000000  602.000000    3.020246    0.005975   -3.251953   -3.600000   -0.348047    0.280528 
 339.000000  603.000000    3.026378    0.006132   -4.130859   -5.400000   -1.269141    0.031503 
 340.000000  604.000000    3.032323    0.005945   -3.867187   -7.200000   -3.332813   -0.192019 
 341.000000  605.000000    3.038223    0.005900   -3.164062   -9.000000   -5.835937   -0.511551 
 342.000000  606.000000    3.044123    0.005899   -2.460938  -10.800000   -8.339063   -0.777078 
 343.000000  608.000000    3.050017    0.005894   -3.427734  -14.400000  -10.972266   -1.194119 
 344.000000  609.000000    3.055920    0.005903   -5.009766  -16.200000  -11.190234   -0.939094 
 345.000000  610.000000    3.061825    0.005905   -8.613281  -18.000000   -9.386719   -0.937594 
 346.000000  611.000000    3.067721    0.005896  -12.568359  -19.800000   -7.231641   -0.529553 
 347.000000  612.000000    3.073619    0.005898  -17.138672  -21.600000   -4.461328   -0.307531 
 348.000000  614.000000    3.079520    0.005900  -25.751953  -25.200000    0.551953    0.229523 
 349.000000  615.000000    3.085417    0.005898  -28.037109  -27.000000    1.037109    0.336034 
 350.000000  616.000000    3.091320    0.005903  -29.355469  -28.800000    0.555469    0.160516 
 351.000000  617.000000    3.097211    0.005891  -30.585937  -30.600000   -0.014062   -0.004500 
 352.000000  618.000000    3.103109    0.005898  -31.552734  -32.400000   -0.847266   -0.063006 
 353.000000  619.000000    3.109010    0.005901  -32.167969  -34.200000   -2.032031   -0.165017 
 354.000000  621.000000    3.114909    0.005899  -32.519531  -37.800000   -5.280469   -0.408041 
 355.000000  622.000000    3.120813    0.005904  -32.431641  -39.600000   -7.168359   -0.649565 
 356.000000  623.000000    3.126707    0.005894  -32.343750  -41.400000   -9.056250   -0.831083 
 357.000000  624.000000    3.132726    0.006019  -32.519531  -43.200000  -10.680469   -0.990099 
 358.000000  625.000000    3.138633    0.005907  -34.541016  -45.000000  -10.458984   -1.093609 
 359.000000  627.000000    3.144537    0.005904  -41.220703  -48.600000   -7.379297   -0.820582 
 360.000000  628.000000    3.150394    0.005857  -45.615234  -50.400000   -4.784766   -0.316532 
 361.000000  629.000000    3.156347    0.005953  -49.921875  -52.200000   -2.278125   -0.069007 
 362.000000  630.000000    3.162300    0.005953  -53.964844  -54.000000   -0.035156    0.126013 
 363.000000  631.000000    3.168243    0.005944  -56.953125  -55.800000    1.153125    0.277528 
 364.000000  632.000000    3.174185    0.005941  -58.447266  -57.600000    0.847266    0.241524 
 365.000000  634.000000    3.180131    0.005946  -59.853516  -61.200000   -1.346484   -0.003000 
 366.000000  635.000000    3.186075    0.005944  -59.941406  -63.000000   -3.058594   -0.283528 
 367.000000  636.000000    3.192038    0.005963  -59.853516  -64.800000   -4.946484   -0.483048 
 368.000000  637.000000    3.199363    0.007324  -60.644531  -66.600000   -5.955469   -0.663066 
 369.000000  639.000000    3.205411    0.006049  -65.126953  -70.200000   -5.073047   -0.718572 
 370.000000  640.000000    3.211376    0.005964  -68.642578  -72.000000   -3.357422   -0.294029 
 371.000000  641.000000    3.217348    0.005972  -71.982422  -73.800000   -1.817578   -0.073507 
 372.000000  642.000000    3.223284    0.005936  -74.970703  -75.600000   -0.629297    0.031503 
 373.000000  643.000000    3.229250    0.005965  -76.992188  -77.400000   -0.407812    0.084008 
 374.000000  645.000000    3.235224    0.005974  -78.222656  -81.000000   -2.777344   -0.004500 
 375.000000  646.000000    3.241136    0.005912  -77.871094  -82.800000   -4.928906   -0.447045 
 376.000000  647.000000    3.247038    0.005902  -77.431641  -84.600000   -7.168359   -0.705071 
 377.000000  648.000000    3.252944    0.005907  -77.080078  -86.400000   -9.319922   -0.904590 
 378.000000  649.000000    3.258850    0.005905  -77.607422  -88.200000  -10.592578   -1.074107 
 379.000000  651.000000    3.264752    0.005902  -82.265625  -91.800000   -9.534375   -1.174617 
 380.000000  652.000000    3.270657    0.005905  -87.363281  -93.600000   -6.236719   -0.669067 
 381.000000  653.000000    3.276554    0.005897  -92.636719  -95.400000   -2.763281   -0.126013 
 382.000000  654.000000    3.282456    0.005902  -97.734375  -97.200000    0.534375    0.184518 
 383.000000  655.000000    3.288350    0.005894 -100.898438  -99.000000    1.898438    0.435044 
 384.000000  656.000000    3.294255    0.005905 -103.183594 -100.800000    2.383594    0.298530 
 385.000000  658.000000    3.300151    0.005896 -105.380859 -104.400000    0.980859    0.267027 
 386.000000  659.000000    3.306184    0.006033 -105.380859 -106.200000   -0.819141   -0.082508 
 387.000000  660.000000    3.312089    0.005905 -105.205078 -108.000000   -2.794922   -0.333033 
 388.000000  661.000000    3.317979    0.005889 -105.029297 -109.800000   -4.770703   -0.520552 
 389.000000  662.000000    3.323882    0.005903 -104.941406 -111.600000   -6.658594   -0.685569 
 390.000000  664.000000    3.329790    0.005908 -108.632812 -115.200000   -6.567188   -0.988599 
 391.000000  665.000000    3.335696    0.005906 -111.269531 -117.000000   -5.730469   -0.511551 
 392.000000  666.000000    3.341593    0.005897 -114.433594 -118.800000   -4.366406   -0.409541 
 393.000000  667.000000    3.347492    0.005899 -118.388672 -120.600000   -2.211328   -0.229523 
 394.000000  668.000000    3.353397    0.005905 -121.904297 -122.400000   -0.495703    0.051005 
 395.000000  669.000000    3.359289    0.005892 -123.574219 -124.200000   -0.625781    0.135014 
 396.000000  671.000000    3.365207    0.005918 -126.386719 -127.800000   -1.413281   -0.124512 
 397.000000  672.000000    3.371090    0.005883 -127.617188 -129.600000   -1.982812   -0.225023 
 398.000000  673.000000    3.377178    0.006088 -128.583984 -131.400000   -2.816016   -0.283528 
 399.000000  674.000000    3.383127    0.005949 -129.462891 -133.200000   -3.737109   -0.387039 
