       step     cputime cputimediff       angle         ref       error      ierror      derror       pterm       iterm       dterm           v
   0.000000    0.000004    0.000001    0.000000    0.000000    0.001530    0.000000    0.000000    0.000000    0.000000    0.000000   -0.000376
   1.000000    0.005139    0.005135    0.000000    0.000000    1.850100    0.000000    0.000000    0.000000    0.000000    0.000000   -0.454636
   2.000000    0.010103    0.004964    0.087891    0.000000    3.549354    0.000000    0.000000    0.000000    0.000000    0.000000   -0.381715
   3.000000    0.015139    0.005035    0.615234    0.000000    4.834761    0.000000    0.000000    0.000000    0.000000    0.000000   -0.362918
   4.000000    0.020124    0.004985    1.230469    0.000000    6.014201    0.000000    0.000000    0.000000    0.000000    0.000000   -0.392510
   5.000000    0.025112    0.004988    2.021484    0.000000    7.018896    0.000000    0.000000    0.000000    0.000000    0.000000   -0.390643
   6.000000    0.030081    0.004969    2.724609    0.000000    8.104446    0.000000    0.000000    0.000000    0.000000    0.000000   -0.453143
   7.000000    0.035082    0.005001    3.427734    0.000000    9.201831    0.000000    0.000000    0.000000    0.000000    0.000000   -0.487303
   8.000000    0.040077    0.004995    4.042969    0.000000   10.384631    0.000000    0.000000    0.000000    0.000000    0.000000   -0.547369
   9.000000    0.045074    0.004998    4.570312    0.000000   11.656402    0.000000    0.000000    0.000000    0.000000    0.000000   -0.606201
  10.000000    0.050076    0.005001    4.921875    0.000000   13.105335    0.000000    0.000000    0.000000    0.000000    0.000000   -0.691174
  11.000000    0.055077    0.005001    5.097656    0.000000   14.729989    0.000000    0.000000    0.000000    0.000000    0.000000   -0.777237
  12.000000    0.060075    0.004999    5.097656    0.000000   16.529524    0.000000    0.000000    0.000000    0.000000    0.000000   -0.870473
  13.000000    0.065077    0.005002    5.009766    0.000000   18.418014    0.000000    0.000000    0.000000    0.000000    0.000000   -0.948612
  14.000000    0.070074    0.004997    5.361328    0.000000   19.865447    0.000000    0.000000    0.000000    0.000000    0.000000   -0.904496
  15.000000    0.075072    0.004998    6.152344    0.000000   20.873726    0.000000    0.000000    0.000000    0.000000    0.000000   -0.873974
  16.000000    0.080093    0.005020    7.382812    0.000000   21.450577    0.000000    0.000000    0.000000    0.000000    0.000000   -0.826395
  17.000000    0.085094    0.005002    9.580078    0.000000   21.053927    0.000000    0.000000    0.000000    0.000000    0.000000   -0.633731
  18.000000    0.090108    0.005013   12.744141    0.000000   19.694679    0.000000    0.000000    0.000000    0.000000    0.000000   -0.441106
  19.000000    0.095103    0.004995   15.996094    0.000000   18.240806    0.000000    0.000000    0.000000    0.000000    0.000000   -0.425058
  20.000000    0.100106    0.005004   18.105469    0.000000   17.932856    0.000000    0.000000    0.000000    0.000000    0.000000   -0.668220
  21.000000    0.105118    0.005011   19.599609    0.000000   18.242811    0.000000    0.000000    0.000000    0.000000    0.000000   -0.763373
  22.000000    0.110123    0.005005   22.675781    0.000000   16.968604    0.000000    0.000000    0.000000    0.000000    0.000000   -0.374951
  23.000000    0.115102    0.004979   26.015625    0.000000   15.421050    0.000000    0.000000    0.000000    0.000000    0.000000   -0.362271
  24.000000    0.120084    0.004982   29.179688    0.000000   14.050478    0.000000    0.000000    0.000000    0.000000    0.000000   -0.360976
  25.000000    0.125081    0.004997   30.322266    0.000000   14.706789    0.000000    0.000000    0.000000    0.000000    0.000000   -0.817728
  26.000000    0.130076    0.004995   32.343750    0.000000   14.483580    0.000000    0.000000    0.000000    0.000000    0.000000   -0.528439
  27.000000    0.135076    0.005000   35.068359    0.000000   13.558956    0.000000    0.000000    0.000000    0.000000    0.000000   -0.424908
  28.000000    0.140075    0.004999   37.529297    0.000000   12.897658    0.000000    0.000000    0.000000    0.000000    0.000000   -0.488244
  29.000000    0.145094    0.005019   39.990234    0.000000   12.243741    0.000000    0.000000    0.000000    0.000000    0.000000   -0.458905
  30.000000    0.150075    0.004981   42.187500    0.000000   11.839650    0.000000    0.000000    0.000000    0.000000    0.000000   -0.510784
  31.000000    0.155081    0.005006   44.208984    0.000000   11.620281    0.000000    0.000000    0.000000    0.000000    0.000000   -0.536679
  32.000000    0.160077    0.004995   46.582031    0.000000   11.045584    0.000000    0.000000    0.000000    0.000000    0.000000   -0.442608
  33.000000    0.165081    0.005005   49.130859    0.000000   10.298481    0.000000    0.000000    0.000000    0.000000    0.000000   -0.408000
  34.000000    0.170076    0.004994   51.416016    0.000000    9.811299    0.000000    0.000000    0.000000    0.000000    0.000000   -0.458839
  35.000000    0.175082    0.005006   53.525391    0.000000    9.503979    0.000000    0.000000    0.000000    0.000000    0.000000   -0.479348
  36.000000    0.180076    0.004994   55.546875    0.000000    9.280485    0.000000    0.000000    0.000000    0.000000    0.000000   -0.489877
  37.000000    0.185080    0.005004   57.392578    0.000000    9.236102    0.000000    0.000000    0.000000    0.000000    0.000000   -0.529173
  38.000000    0.190075    0.004995   59.062500    0.000000    9.364380    0.000000    0.000000    0.000000    0.000000    0.000000   -0.566806
  39.000000    0.195080    0.005005   60.468750    0.000000    9.760095    0.000000    0.000000    0.000000    0.000000    0.000000   -0.634682
  40.000000    0.200078    0.004997   61.962891    0.000000   10.065039    0.000000    0.000000    0.000000    0.000000    0.000000   -0.617623
  41.000000    0.205080    0.005002   65.126953    0.000000    8.701727    0.000000    0.000000    0.000000    0.000000    0.000000   -0.229300
  42.000000    0.210077    0.004997   68.027344    0.000000    7.600316    0.000000    0.000000    0.000000    0.000000    0.000000   -0.339501
  43.000000    0.215081    0.005005   69.960938    0.000000    7.468342    0.000000    0.000000    0.000000    0.000000    0.000000   -0.515863
  44.000000    0.220074    0.004993   71.279297    0.000000    7.947388    0.000000    0.000000    0.000000    0.000000    0.000000   -0.624728
  45.000000    0.225081    0.005007   72.246094    0.000000    8.783021    0.000000    0.000000    0.000000    0.000000    0.000000   -0.710016
  46.000000    0.230075    0.004994   72.949219    0.000000    9.877781    0.000000    0.000000    0.000000    0.000000    0.000000   -0.790749
  47.000000    0.235081    0.005006   75.673828    0.000000    8.955407    0.000000    0.000000    0.000000    0.000000    0.000000   -0.323101
  48.000000    0.240074    0.004993   78.310547    0.000000    8.116078    0.000000    0.000000    0.000000    0.000000    0.000000   -0.424578
  49.000000    0.245080    0.005006   80.771484    0.000000    7.457346    0.000000    0.000000    0.000000    0.000000    0.000000   -0.419108
  50.000000    0.250075    0.004995   83.056641    0.000000    6.970254    0.000000    0.000000    0.000000    0.000000    0.000000   -0.442846
  51.000000    0.255080    0.005006   85.166016    0.000000    6.662859    0.000000    0.000000    0.000000    0.000000    0.000000   -0.467815
  52.000000    0.260075    0.004995   87.187500    0.000000    6.439410    0.000000    0.000000    0.000000    0.000000    0.000000   -0.475466
  53.000000    0.265080    0.005006   89.384766    0.000000    6.044154    0.000000    0.000000    0.000000    0.000000    0.000000   -0.427270
  54.000000    0.270074    0.004994   91.845703    0.000000    5.381102    0.000000    0.000000    0.000000    0.000000    0.000000   -0.361878
  55.000000    0.275081    0.005006   93.427734    0.000000    5.601366    0.000000    0.000000    0.000000    0.000000    0.000000   -0.573192
  56.000000    0.280075    0.004994   94.042969    0.000000    6.783926    0.000000    0.000000    0.000000    0.000000    0.000000   -0.772211
  57.000000    0.285081    0.005006   95.976562    0.000000    6.652433    0.000000    0.000000    0.000000    0.000000    0.000000   -0.451003
  58.000000    0.290077    0.004996   98.261719    0.000000    6.165896    0.000000    0.000000    0.000000    0.000000    0.000000   -0.438458
  59.000000    0.295080    0.005003  100.458984    0.000000    5.769711    0.000000    0.000000    0.000000    0.000000    0.000000   -0.449458
  60.000000    0.300075    0.004995  102.480469    0.000000    5.546456    0.000000    0.000000    0.000000    0.000000    0.000000   -0.478366
  61.000000    0.305080    0.005006  104.414062    0.000000    5.414857    0.000000    0.000000    0.000000    0.000000    0.000000   -0.489406
  62.000000    0.310076    0.004995  106.083984    0.000000    5.543286    0.000000    0.000000    0.000000    0.000000    0.000000   -0.549392
  63.000000    0.315143    0.005068  108.808594    0.000000    4.643051    0.000000    0.000000    0.000000    0.000000    0.000000   -0.290747
  64.000000    0.320135    0.004992  111.796875    0.000000    3.451890    0.000000    0.000000    0.000000    0.000000    0.000000   -0.249225
  65.000000    0.325149    0.005014  113.642578    0.000000    3.411242    0.000000    0.000000    0.000000    0.000000    0.000000   -0.499642
  66.000000    0.330130    0.004981  114.785156    0.000000    4.061704    0.000000    0.000000    0.000000    0.000000    0.000000   -0.611596
  67.000000    0.335149    0.005018  115.839844    0.000000    4.813646    0.000000    0.000000    0.000000    0.000000    0.000000   -0.637284
  68.000000    0.340127    0.004979  116.806641    0.000000    5.639154    0.000000    0.000000    0.000000    0.000000    0.000000   -0.680629
  69.000000    0.345148    0.005021  119.443359    0.000000    4.809981    0.000000    0.000000    0.000000    0.000000    0.000000   -0.298053
  70.000000    0.350129    0.004981  121.992188    0.000000    4.054252    0.000000    0.000000    0.000000    0.000000    0.000000   -0.377988
  71.000000    0.355158    0.005029  124.365234    0.000000    3.491556    0.000000    0.000000    0.000000    0.000000    0.000000   -0.381099
  72.000000    0.360129    0.004971  125.859375    0.000000    3.787020    0.000000    0.000000    0.000000    0.000000    0.000000   -0.572675
  73.000000    0.365147    0.005018  126.826172    0.000000    4.626793    0.000000    0.000000    0.000000    0.000000    0.000000   -0.675143
  74.000000    0.370133    0.004986  129.287109    0.000000    3.960681    0.000000    0.000000    0.000000    0.000000    0.000000   -0.315167
  75.000000    0.375146    0.005014  131.835938    0.000000    3.216742    0.000000    0.000000    0.000000    0.000000    0.000000   -0.358139
  76.000000    0.380129    0.004982  134.121094    0.000000    2.725211    0.000000    0.000000    0.000000    0.000000    0.000000   -0.384416
  77.000000    0.385147    0.005019  135.703125    0.000000    2.949945    0.000000    0.000000    0.000000    0.000000    0.000000   -0.537818
  78.000000    0.390128    0.004980  136.230469    0.000000    4.215446    0.000000    0.000000    0.000000    0.000000    0.000000   -0.768154
  79.000000    0.395148    0.005020  136.933594    0.000000    5.319536    0.000000    0.000000    0.000000    0.000000    0.000000   -0.724521
  80.000000    0.400129    0.004981  139.394531    0.000000    4.651894    0.000000    0.000000    0.000000    0.000000    0.000000   -0.343770
  81.000000    0.405152    0.005023  142.646484    0.000000    3.208266    0.000000    0.000000    0.000000    0.000000    0.000000   -0.220293
  82.000000    0.410129    0.004977  144.755859    0.000000    2.890506    0.000000    0.000000    0.000000    0.000000    0.000000   -0.474269
  83.000000    0.415147    0.005019  145.810547    0.000000    3.642493    0.000000    0.000000    0.000000    0.000000    0.000000   -0.667809
  84.000000    0.420127    0.004980  147.392578    0.000000    3.853262    0.000000    0.000000    0.000000    0.000000    0.000000   -0.519808
  85.000000    0.425149    0.005022  149.765625    0.000000    3.288060    0.000000    0.000000    0.000000    0.000000    0.000000   -0.374075
  86.000000    0.430128    0.004979  152.402344    0.000000    2.443631    0.000000    0.000000    0.000000    0.000000    0.000000   -0.320591
  87.000000    0.435148    0.005020  155.390625    0.000000    1.262595    0.000000    0.000000    0.000000    0.000000    0.000000   -0.220358
  88.000000    0.440130    0.004982  156.972656    0.000000    1.474129    0.000000    0.000000    0.000000    0.000000    0.000000   -0.543028
  89.000000    0.445203    0.005073  157.851562    0.000000    2.421353    0.000000    0.000000    0.000000    0.000000    0.000000   -0.657164
  90.000000    0.450137    0.004934  158.378906    0.000000    3.670414    0.000000    0.000000    0.000000    0.000000    0.000000   -0.741647
  91.000000    0.455148    0.005011  159.697266    0.000000    4.155894    0.000000    0.000000    0.000000    0.000000    0.000000   -0.583148
  92.000000    0.460130    0.004982  162.333984    0.000000    3.312711    0.000000    0.000000    0.000000    0.000000    0.000000   -0.314413
  93.000000    0.465146    0.005016  164.794922    0.000000    2.657683    0.000000    0.000000    0.000000    0.000000    0.000000   -0.394355
  94.000000    0.470131    0.004984  167.080078    0.000000    2.166902    0.000000    0.000000    0.000000    0.000000    0.000000   -0.393237
  95.000000    0.475150    0.005020  168.222656    0.000000    2.831359    0.000000    0.000000    0.000000    0.000000    0.000000   -0.660696
  96.000000    0.480127    0.004977  169.277344    0.000000    3.568301    0.000000    0.000000    0.000000    0.000000    0.000000   -0.642495
  97.000000    0.485147    0.005020  171.826172    0.000000    2.826763    0.000000    0.000000    0.000000    0.000000    0.000000   -0.313025
  98.000000    0.490129    0.004982  174.902344    0.000000    1.544036    0.000000    0.000000    0.000000    0.000000    0.000000   -0.231311
  99.000000    0.495148    0.005020  177.802734    0.000000    0.450726    0.000000    0.000000    0.000000    0.000000    0.000000   -0.250094
 100.000000    0.500133    0.004985  178.505859    0.000000    1.446216    0.000000    0.000000    0.000000    0.000000    0.000000   -0.718838
 101.000000    0.505152    0.005019  179.208984    0.000000   -1.063854    0.000000    0.000000    0.000000    0.000000    0.000000    0.215142
 102.000000    0.510135    0.004982  179.912109    0.000000   -3.560544    0.000000    0.000000    0.000000    0.000000    0.000000    0.087358
 103.000000    0.515149    0.005015  181.318359    0.000000   -6.772059    0.000000    0.000000    0.000000    0.000000    0.000000    0.388870
 104.000000    0.520214    0.005065  182.636719    0.000000   -9.913744    0.000000    0.000000    0.000000    0.000000    0.000000    0.425532
 105.000000    0.525142    0.004928  183.779297    0.000000  -12.830312    0.000000    0.000000    0.000000    0.000000    0.000000    0.485570
 106.000000    0.530134    0.004992  182.988281    0.000000  -13.836536    0.000000    0.000000    0.000000    0.000000    0.000000    0.119122
 107.000000    0.535144    0.005010  182.285156    0.000000  -14.936966    0.000000    0.000000    0.000000    0.000000    0.000000    0.274942
 108.000000    0.540129    0.004985  181.669922    0.000000  -16.116377    0.000000    0.000000    0.000000    0.000000    0.000000    0.308754
 109.000000    0.545146    0.005017  181.230469    0.000000  -17.482864    0.000000    0.000000    0.000000    0.000000    0.000000    0.401498
 110.000000    0.550124    0.004979  181.230469    0.000000  -19.275169    0.000000    0.000000    0.000000    0.000000    0.000000    0.547031
 111.000000    0.555146    0.005022  181.494141    0.000000  -21.346641    0.000000    0.000000    0.000000    0.000000    0.000000    0.661212
 112.000000    0.560125    0.004980  181.582031    0.000000  -23.227196    0.000000    0.000000    0.000000    0.000000    0.000000    0.678926
 113.000000    0.565147    0.005022  181.669922    0.000000  -25.122872    0.000000    0.000000    0.000000    0.000000    0.000000    0.764033
 114.000000    0.570126    0.004979  180.878906    0.000000  -26.124416    0.000000    0.000000    0.000000    0.000000    0.000000    0.611502
 115.000000    0.575149    0.005022  179.912109    0.000000  -26.965599    0.000000    0.000000    0.000000    0.000000    0.000000    0.662397
 116.000000    0.580126    0.004977  179.208984    0.000000  -28.054254    0.000000    0.000000    0.000000    0.000000    0.000000    0.760436
 117.000000    0.585146    0.005020  177.714844    0.000000  -28.367284    0.000000    0.000000    0.000000    0.000000    0.000000    0.605749
 118.000000    0.590128    0.004982  175.253906    0.000000  -27.699956    0.000000    0.000000    0.000000    0.000000    0.000000    0.431180
 119.000000    0.595147    0.005019  172.353516    0.000000  -26.606271    0.000000    0.000000    0.000000    0.000000    0.000000    0.360425
 120.000000    0.600126    0.004980  169.628906    0.000000  -25.674401    0.000000    0.000000    0.000000    0.000000    0.000000    0.393320
 121.000000    0.605146    0.005020  168.310547    0.000000  -26.163167    0.000000    0.000000    0.000000    0.000000    0.000000    0.716958
 122.000000    0.610125    0.004979  167.343750    0.000000  -26.988855    0.000000    0.000000    0.000000    0.000000    0.000000    0.759313
 123.000000    0.615145    0.005020  166.113281    0.000000  -27.565451    0.000000    0.000000    0.000000    0.000000    0.000000    0.736658
 124.000000    0.620130    0.004985  163.828125    0.000000  -27.075045    0.000000    0.000000    0.000000    0.000000    0.000000    0.519142
 125.000000    0.625142    0.005012  160.488281    0.000000  -25.539476    0.000000    0.000000    0.000000    0.000000    0.000000    0.312472
 126.000000    0.630126    0.004984  157.500000    0.000000  -24.345375    0.000000    0.000000    0.000000    0.000000    0.000000    0.404207
 127.000000    0.635143    0.005017  155.830078    0.000000  -24.481543    0.000000    0.000000    0.000000    0.000000    0.000000    0.681138
 128.000000    0.640125    0.004982  154.248047    0.000000  -24.693212    0.000000    0.000000    0.000000    0.000000    0.000000    0.655861
 129.000000    0.645145    0.005019  151.787109    0.000000  -24.039204    0.000000    0.000000    0.000000    0.000000    0.000000    0.472948
 130.000000    0.650132    0.004987  148.710938    0.000000  -22.758338    0.000000    0.000000    0.000000    0.000000    0.000000    0.352939
 131.000000    0.655147    0.005015  145.898438    0.000000  -21.751418    0.000000    0.000000    0.000000    0.000000    0.000000    0.415447
 132.000000    0.660125    0.004978  144.140625    0.000000  -21.785760    0.000000    0.000000    0.000000    0.000000    0.000000    0.633456
 133.000000    0.665146    0.005021  142.558594    0.000000  -22.011184    0.000000    0.000000    0.000000    0.000000    0.000000    0.644855
 134.000000    0.670125    0.004979  140.976562    0.000000  -22.221727    0.000000    0.000000    0.000000    0.000000    0.000000    0.661356
 135.000000    0.675143    0.005018  138.076172    0.000000  -21.127772    0.000000    0.000000    0.000000    0.000000    0.000000    0.359052
 136.000000    0.680129    0.004985  135.439453    0.000000  -20.285788    0.000000    0.000000    0.000000    0.000000    0.000000    0.464840
 137.000000    0.685144    0.005015  133.242188    0.000000  -19.893848    0.000000    0.000000    0.000000    0.000000    0.000000    0.532494
 138.000000    0.690126    0.004983  131.572266    0.000000  -20.017806    0.000000    0.000000    0.000000    0.000000    0.000000    0.641868
 139.000000    0.695144    0.005017  129.023438    0.000000  -19.275203    0.000000    0.000000    0.000000    0.000000    0.000000    0.420812
 140.000000    0.700135    0.004991  126.210938    0.000000  -18.259627    0.000000    0.000000    0.000000    0.000000    0.000000    0.390360
 141.000000    0.705144    0.005008  123.662109    0.000000  -17.513829    0.000000    0.000000    0.000000    0.000000    0.000000    0.437814
 142.000000    0.710129    0.004986  121.464844    0.000000  -17.111389    0.000000    0.000000    0.000000    0.000000    0.000000    0.494696
 143.000000    0.715143    0.005014  119.619141    0.000000  -17.070711    0.000000    0.000000    0.000000    0.000000    0.000000    0.566473
 144.000000    0.720127    0.004983  117.949219    0.000000  -17.194819    0.000000    0.000000    0.000000    0.000000    0.000000    0.599815
 145.000000    0.725135    0.005008  115.312500    0.000000  -16.360980    0.000000    0.000000    0.000000    0.000000    0.000000    0.372275
 146.000000    0.730126    0.004991  112.500000    0.000000  -15.345360    0.000000    0.000000    0.000000    0.000000    0.000000    0.360453
 147.000000    0.735134    0.005008  110.830078    0.000000  -15.478303    0.000000    0.000000    0.000000    0.000000    0.000000    0.617771
 148.000000    0.740129    0.004995  109.248047    0.000000  -15.694487    0.000000    0.000000    0.000000    0.000000    0.000000    0.592987
 149.000000    0.745142    0.005013  106.611328    0.000000  -14.862373    0.000000    0.000000    0.000000    0.000000    0.000000    0.359322
 150.000000    0.750127    0.004985  104.150391    0.000000  -14.195961    0.000000    0.000000    0.000000    0.000000    0.000000    0.433485
 151.000000    0.755142    0.005015  102.128906    0.000000  -13.979996    0.000000    0.000000    0.000000    0.000000    0.000000    0.511240
 152.000000    0.760125    0.004983  100.898438    0.000000  -14.543302    0.000000    0.000000    0.000000    0.000000    0.000000    0.685736
 153.000000    0.765144    0.005019   99.052734    0.000000  -14.504604    0.000000    0.000000    0.000000    0.000000    0.000000    0.527326
 154.000000    0.770128    0.004984   96.240234    0.000000  -13.486389    0.000000    0.000000    0.000000    0.000000    0.000000    0.331609
 155.000000    0.775134    0.005006   93.603516    0.000000  -12.651816    0.000000    0.000000    0.000000    0.000000    0.000000    0.393422
 156.000000    0.780136    0.005001   91.582031    0.000000  -12.430841    0.000000    0.000000    0.000000    0.000000    0.000000    0.506901
 157.000000    0.785132    0.004997   90.351562    0.000000  -12.999218    0.000000    0.000000    0.000000    0.000000    0.000000    0.674295
 158.000000    0.790130    0.004998   87.451172    0.000000  -11.897957    0.000000    0.000000    0.000000    0.000000    0.000000    0.254140
 159.000000    0.795132    0.005002   84.726562    0.000000  -10.974112    0.000000    0.000000    0.000000    0.000000    0.000000    0.362922
 160.000000    0.800127    0.004995   82.529297    0.000000  -10.575077    0.000000    0.000000    0.000000    0.000000    0.000000    0.439108
 161.000000    0.805123    0.004995   81.386719    0.000000  -11.230879    0.000000    0.000000    0.000000    0.000000    0.000000    0.672673
 162.000000    0.810128    0.005005   80.419922    0.000000  -12.066017    0.000000    0.000000    0.000000    0.000000    0.000000    0.693875
 163.000000    0.815239    0.005111   78.134766    0.000000  -11.620971    0.000000    0.000000    0.000000    0.000000    0.000000    0.413168
 164.000000    0.820127    0.004887   75.849609    0.000000  -11.095179    0.000000    0.000000    0.000000    0.000000    0.000000    0.450109
 165.000000    0.825145    0.005019   73.564453    0.000000  -10.616728    0.000000    0.000000    0.000000    0.000000    0.000000    0.440679
 166.000000    0.830180    0.005035   71.455078    0.000000  -10.319998    0.000000    0.000000    0.000000    0.000000    0.000000    0.476636
 167.000000    0.835147    0.004966   69.433594    0.000000  -10.086379    0.000000    0.000000    0.000000    0.000000    0.000000    0.479377
 168.000000    0.840129    0.004982   67.675781    0.000000  -10.122086    0.000000    0.000000    0.000000    0.000000    0.000000    0.542838
 169.000000    0.845145    0.005017   65.390625    0.000000   -9.642990    0.000000    0.000000    0.000000    0.000000    0.000000    0.409292
 170.000000    0.850129    0.004983   62.841797    0.000000   -8.888147    0.000000    0.000000    0.000000    0.000000    0.000000    0.361184
 171.000000    0.855147    0.005018   60.380859    0.000000   -8.233689    0.000000    0.000000    0.000000    0.000000    0.000000    0.374739
 172.000000    0.860129    0.004982   58.798828    0.000000   -8.445268    0.000000    0.000000    0.000000    0.000000    0.000000    0.565472
 173.000000    0.865143    0.005014   57.744141    0.000000   -9.195681    0.000000    0.000000    0.000000    0.000000    0.000000    0.666702
 174.000000    0.870133    0.004990   55.810547    0.000000   -9.058562    0.000000    0.000000    0.000000    0.000000    0.000000    0.458750
 175.000000    0.875146    0.005013   53.085938    0.000000   -8.138588    0.000000    0.000000    0.000000    0.000000    0.000000    0.315780
 176.000000    0.880130    0.004984   50.537109    0.000000   -7.383939    0.000000    0.000000    0.000000    0.000000    0.000000    0.360891
 177.000000    0.885149    0.005019   49.042969    0.000000   -7.696609    0.000000    0.000000    0.000000    0.000000    0.000000    0.589425
 178.000000    0.890129    0.004980   47.900391    0.000000   -8.346891    0.000000    0.000000    0.000000    0.000000    0.000000    0.635588
 179.000000    0.895146    0.005017   45.087891    0.000000   -7.340541    0.000000    0.000000    0.000000    0.000000    0.000000    0.247088
 180.000000    0.900128    0.004982   42.099609    0.000000   -6.145749    0.000000    0.000000    0.000000    0.000000    0.000000    0.259028
 181.000000    0.905148    0.005020   40.517578    0.000000   -6.370963    0.000000    0.000000    0.000000    0.000000    0.000000    0.564814
 182.000000    0.910128    0.004980   39.375000    0.000000   -7.021095    0.000000    0.000000    0.000000    0.000000    0.000000    0.610190
 183.000000    0.915147    0.005019   38.408203    0.000000   -7.860988    0.000000    0.000000    0.000000    0.000000    0.000000    0.675133
 184.000000    0.920128    0.004982   37.265625    0.000000   -8.511810    0.000000    0.000000    0.000000    0.000000    0.000000    0.649957
 185.000000    0.925150    0.005022   34.980469    0.000000   -8.034484    0.000000    0.000000    0.000000    0.000000    0.000000    0.408303
 186.000000    0.930127    0.004977   31.728516    0.000000   -6.574131    0.000000    0.000000    0.000000    0.000000    0.000000    0.210608
 187.000000    0.935149    0.005022   29.619141    0.000000   -6.272841    0.000000    0.000000    0.000000    0.000000    0.000000    0.491734
 188.000000    0.940129    0.004980   28.212891    0.000000   -6.659361    0.000000    0.000000    0.000000    0.000000    0.000000    0.587796
 189.000000    0.945280    0.005151   26.894531    0.000000   -7.195511    0.000000    0.000000    0.000000    0.000000    0.000000    0.620881
 190.000000    0.950139    0.004859   24.345703    0.000000   -6.395788    0.000000    0.000000    0.000000    0.000000    0.000000    0.309318
 191.000000    0.955149    0.005010   21.533203    0.000000   -5.386948    0.000000    0.000000    0.000000    0.000000    0.000000    0.305237
 192.000000    0.960129    0.004980   19.072266    0.000000   -4.718736    0.000000    0.000000    0.000000    0.000000    0.000000    0.355761
 193.000000    0.965146    0.005017   17.841797    0.000000   -5.294447    0.000000    0.000000    0.000000    0.000000    0.000000    0.627952
 194.000000    0.970128    0.004981   16.787109    0.000000   -6.033009    0.000000    0.000000    0.000000    0.000000    0.000000    0.629159
 195.000000    0.975147    0.005019   15.820312    0.000000   -6.873187    0.000000    0.000000    0.000000    0.000000    0.000000    0.685443
 196.000000    0.980131    0.004984   13.535156    0.000000   -6.382181    0.000000    0.000000    0.000000    0.000000    0.000000    0.380754
 197.000000    0.985133    0.005002   10.986328    0.000000   -5.634148    0.000000    0.000000    0.000000    0.000000    0.000000    0.374816
 198.000000    0.990131    0.004998    8.613281    0.000000   -5.060321    0.000000    0.000000    0.000000    0.000000    0.000000    0.394761
 199.000000    0.995151    0.005020    6.943359    0.000000   -5.197689    0.000000    0.000000    0.000000    0.000000    0.000000    0.546851
 200.000000    1.000129    0.004978    6.064453    0.000000   -6.110803    0.000000    0.000000    0.000000    0.000000    0.000000    0.710514
 201.000000    1.005149    0.005020    3.955078    0.000000   -5.808808    0.000000    0.000000    0.000000    0.000000    0.000000    0.411416
 202.000000    1.010129    0.004980    1.142578    0.000000   -4.789063    0.000000    0.000000    0.000000    0.000000    0.000000    0.297545
 203.000000    1.015149    0.005020   -1.582031    0.000000   -3.871714    0.000000    0.000000    0.000000    0.000000    0.000000    0.314429
 204.000000    1.020131    0.004982   -3.339844    0.000000   -3.907436    0.000000    0.000000    0.000000    0.000000    0.000000    0.513100
 205.000000    1.025149    0.005018   -4.482422    0.000000   -4.571338    0.000000    0.000000    0.000000    0.000000    0.000000    0.624895
 206.000000    1.030140    0.004990   -5.537109    0.000000   -5.313156    0.000000    0.000000    0.000000    0.000000    0.000000    0.645661
 207.000000    1.035149    0.005009   -7.382812    0.000000   -5.270648    0.000000    0.000000    0.000000    0.000000    0.000000    0.479106
 208.000000    1.040139    0.004991   -9.931641    0.000000   -4.518459    0.000000    0.000000    0.000000    0.000000    0.000000    0.345483
 209.000000    1.045147    0.005008  -12.304688    0.000000   -3.948307    0.000000    0.000000    0.000000    0.000000    0.000000    0.396419
 210.000000    1.050130    0.004983  -14.501953    0.000000   -3.544832    0.000000    0.000000    0.000000    0.000000    0.000000    0.406722
 211.000000    1.055149    0.005019  -16.611328    0.000000   -3.242417    0.000000    0.000000    0.000000    0.000000    0.000000    0.416389
 212.000000    1.060128    0.004979  -18.544922    0.000000   -3.101308    0.000000    0.000000    0.000000    0.000000    0.000000    0.444605
 213.000000    1.065150    0.005021  -20.302734    0.000000   -3.151116    0.000000    0.000000    0.000000    0.000000    0.000000    0.481694
 214.000000    1.070133    0.004983  -21.884766    0.000000   -3.362964    0.000000    0.000000    0.000000    0.000000    0.000000    0.516774
 215.000000    1.075150    0.005017  -23.466797    0.000000   -3.587098    0.000000    0.000000    0.000000    0.000000    0.000000    0.521692
 216.000000    1.080132    0.004982  -24.873047    0.000000   -3.974398    0.000000    0.000000    0.000000    0.000000    0.000000    0.571401
 217.000000    1.085152    0.005020  -26.103516    0.000000   -4.551174    0.000000    0.000000    0.000000    0.000000    0.000000    0.623432
 218.000000    1.090135    0.004983  -28.037109    0.000000   -4.411431    0.000000    0.000000    0.000000    0.000000    0.000000    0.459548
 219.000000    1.095134    0.004999  -30.498047    0.000000   -3.750103    0.000000    0.000000    0.000000    0.000000    0.000000    0.367363
 220.000000    1.100140    0.005006  -33.398438    0.000000   -2.651783    0.000000    0.000000    0.000000    0.000000    0.000000    0.259221
 221.000000    1.105150    0.005011  -35.244141    0.000000   -2.609859    0.000000    0.000000    0.000000    0.000000    0.000000    0.505066
 222.000000    1.110274    0.005124  -36.386719    0.000000   -3.311921    0.000000    0.000000    0.000000    0.000000    0.000000    0.630525
 223.000000    1.115148    0.004874  -37.353516    0.000000   -4.099914    0.000000    0.000000    0.000000    0.000000    0.000000    0.650660
 224.000000    1.120131    0.004982  -40.078125    0.000000   -3.168990    0.000000    0.000000    0.000000    0.000000    0.000000    0.255319
 225.000000    1.125146    0.005015  -42.890625    0.000000   -2.162010    0.000000    0.000000    0.000000    0.000000    0.000000    0.296598
 226.000000    1.130129    0.004982  -45.351562    0.000000   -1.494758    0.000000    0.000000    0.000000    0.000000    0.000000    0.334220
 227.000000    1.135147    0.005019  -46.318359    0.000000   -2.334666    0.000000    0.000000    0.000000    0.000000    0.000000    0.672108
 228.000000    1.140124    0.004977  -47.109375    0.000000   -3.335370    0.000000    0.000000    0.000000    0.000000    0.000000    0.665345
 229.000000    1.145148    0.005024  -48.427734    0.000000   -3.825576    0.000000    0.000000    0.000000    0.000000    0.000000    0.580986
 230.000000    1.150124    0.004976  -50.712891    0.000000   -3.331779    0.000000    0.000000    0.000000    0.000000    0.000000    0.379593
 231.000000    1.155153    0.005029  -53.261719    0.000000   -2.593466    0.000000    0.000000    0.000000    0.000000    0.000000    0.350402
 232.000000    1.160129    0.004976  -55.634766    0.000000   -2.011689    0.000000    0.000000    0.000000    0.000000    0.000000    0.369830
 233.000000    1.165134    0.005005  -57.041016    0.000000   -2.407389    0.000000    0.000000    0.000000    0.000000    0.000000    0.585243
 234.000000    1.170127    0.004993  -57.744141    0.000000   -3.501609    0.000000    0.000000    0.000000    0.000000    0.000000    0.722896
 235.000000    1.175145    0.005018  -59.501953    0.000000   -3.550352    0.000000    0.000000    0.000000    0.000000    0.000000    0.476688
 236.000000    1.180128    0.004982  -62.138672    0.000000   -2.707273    0.000000    0.000000    0.000000    0.000000    0.000000    0.319238
 237.000000    1.185146    0.005018  -64.775391    0.000000   -1.877199    0.000000    0.000000    0.000000    0.000000    0.000000    0.329604
 238.000000    1.190129    0.004983  -67.236328    0.000000   -1.210157    0.000000    0.000000    0.000000    0.000000    0.000000    0.337449
 239.000000    1.195201    0.005072  -68.818359    0.000000   -1.453956    0.000000    0.000000    0.000000    0.000000    0.000000    0.535476
 240.000000    1.200135    0.004935  -69.697266    0.000000   -2.351499    0.000000    0.000000    0.000000    0.000000    0.000000    0.659888
 241.000000    1.205147    0.005012  -70.751953    0.000000   -3.100952    0.000000    0.000000    0.000000    0.000000    0.000000    0.629394
 242.000000    1.210127    0.004980  -73.300781    0.000000   -2.344879    0.000000    0.000000    0.000000    0.000000    0.000000    0.296318
 243.000000    1.215144    0.005017  -75.761719    0.000000   -1.689956    0.000000    0.000000    0.000000    0.000000    0.000000    0.372578
 244.000000    1.220128    0.004985  -78.046875    0.000000   -1.199310    0.000000    0.000000    0.000000    0.000000    0.000000    0.371701
 245.000000    1.225144    0.005016  -80.068359    0.000000   -0.983481    0.000000    0.000000    0.000000    0.000000    0.000000    0.421931
 246.000000    1.230126    0.004982  -81.210938    0.000000   -1.634573    0.000000    0.000000    0.000000    0.000000    0.000000    0.615943
 247.000000    1.235143    0.005017  -82.705078    0.000000   -1.946537    0.000000    0.000000    0.000000    0.000000    0.000000    0.512448
 248.000000    1.240127    0.004984  -85.605469    0.000000   -0.840236    0.000000    0.000000    0.000000    0.000000    0.000000    0.200838
 249.000000    1.245146    0.005019  -87.978516    0.000000   -0.273909    0.000000    0.000000    0.000000    0.000000    0.000000    0.365908
 250.000000    1.250131    0.004986  -89.033203    0.000000   -1.014077    0.000000    0.000000    0.000000    0.000000    0.000000    0.627522
 251.000000    1.255148    0.005016  -89.912109    0.000000   -1.941021    0.000000    0.000000    0.000000    0.000000    0.000000    0.640445
 252.000000    1.260130    0.004982  -90.703125    0.000000   -2.943555    0.000000    0.000000    0.000000    0.000000    0.000000    0.691950
 253.000000    1.265144    0.005014  -92.724609    0.000000   -2.727111    0.000000    0.000000    0.000000    0.000000    0.000000    0.419481
 254.000000    1.270126    0.004983  -95.273438    0.000000   -1.971997    0.000000    0.000000    0.000000    0.000000    0.000000    0.344593
 255.000000    1.275145    0.005018  -98.173828    0.000000   -0.878222    0.000000    0.000000    0.000000    0.000000    0.000000    0.251908
 256.000000    1.280137    0.004993  -99.931641    0.000000   -0.917784    0.000000    0.000000    0.000000    0.000000    0.000000    0.512060
 257.000000    1.285143    0.005006 -100.722656    0.000000   -1.929004    0.000000    0.000000    0.000000    0.000000    0.000000    0.692101
 258.000000    1.290134    0.004990 -102.216797    0.000000   -2.231293    0.000000    0.000000    0.000000    0.000000    0.000000    0.514592
 259.000000    1.295144    0.005010 -105.380859    0.000000   -0.870846    0.000000    0.000000    0.000000    0.000000    0.000000    0.160039
 260.000000    1.300127    0.004983 -108.193359    0.000000    0.147714    0.000000    0.000000    0.000000    0.000000    0.000000    0.276975
 261.000000    1.305135    0.005008 -109.423828    0.000000   -0.424712    0.000000    0.000000    0.000000    0.000000    0.000000    0.602660
 262.000000    1.310127    0.004992 -110.478516    0.000000   -1.167114    0.000000    0.000000    0.000000    0.000000    0.000000    0.589762
 263.000000    1.315135    0.005008 -111.445312    0.000000   -2.003333    0.000000    0.000000    0.000000    0.000000    0.000000    0.644396
 264.000000    1.320129    0.004994 -112.939453    0.000000   -2.307032    0.000000    0.000000    0.000000    0.000000    0.000000    0.533195
 265.000000    1.325145    0.005016 -115.224609    0.000000   -1.827741    0.000000    0.000000    0.000000    0.000000    0.000000    0.379568
 266.000000    1.330127    0.004982 -117.685547    0.000000   -1.160278    0.000000    0.000000    0.000000    0.000000    0.000000    0.352590
 267.000000    1.335143    0.005016 -119.970703    0.000000   -0.680852    0.000000    0.000000    0.000000    0.000000    0.000000    0.380958
 268.000000    1.340129    0.004986 -121.640625    0.000000   -0.805890    0.000000    0.000000    0.000000    0.000000    0.000000    0.505487
 269.000000    1.345143    0.005014 -122.255859    0.000000   -1.995666    0.000000    0.000000    0.000000    0.000000    0.000000    0.743360
 270.000000    1.350127    0.004984 -123.837891    0.000000   -2.207979    0.000000    0.000000    0.000000    0.000000    0.000000    0.492961
 271.000000    1.355132    0.005005 -126.386719    0.000000   -1.460936    0.000000    0.000000    0.000000    0.000000    0.000000    0.325124
 272.000000    1.360127    0.004995 -128.847656    0.000000   -0.798079    0.000000    0.000000    0.000000    0.000000    0.000000    0.358211
 273.000000    1.365133    0.005006 -131.132812    0.000000   -0.315052    0.000000    0.000000    0.000000    0.000000    0.000000    0.370407
 274.000000    1.370136    0.005003 -133.242188    0.000000   -0.006878    0.000000    0.000000    0.000000    0.000000    0.000000    0.392690
 275.000000    1.375133    0.004996 -134.560547    0.000000   -0.487228    0.000000    0.000000    0.000000    0.000000    0.000000    0.569882
 276.000000    1.380127    0.004994 -135.351562    0.000000   -1.494203    0.000000    0.000000    0.000000    0.000000    0.000000    0.676132
 277.000000    1.385125    0.004998 -137.548828    0.000000   -1.096277    0.000000    0.000000    0.000000    0.000000    0.000000    0.344311
 278.000000    1.390129    0.005004 -140.273438    0.000000   -0.173048    0.000000    0.000000    0.000000    0.000000    0.000000    0.278776
 279.000000    1.395244    0.005115 -142.646484    0.000000    0.358554    0.000000    0.000000    0.000000    0.000000    0.000000    0.356050
 280.000000    1.400127    0.004883 -143.525391    0.000000   -0.520434    0.000000    0.000000    0.000000    0.000000    0.000000    0.664747
 281.000000    1.405154    0.005027 -144.316406    0.000000   -1.539034    0.000000    0.000000    0.000000    0.000000    0.000000    0.659895
 282.000000    1.410131    0.004977 -146.865234    0.000000   -0.781866    0.000000    0.000000    0.000000    0.000000    0.000000    0.263382
 283.000000    1.415146    0.005015 -149.941406    0.000000    0.488981    0.000000    0.000000    0.000000    0.000000    0.000000    0.202238
 284.000000    1.420129    0.004983 -151.699219    0.000000    0.452944    0.000000    0.000000    0.000000    0.000000    0.000000    0.490158
 285.000000    1.425149    0.005020 -152.578125    0.000000   -0.475515    0.000000    0.000000    0.000000    0.000000    0.000000    0.643169
 286.000000    1.430129    0.004980 -153.369141    0.000000   -1.477269    0.000000    0.000000    0.000000    0.000000    0.000000    0.660346
 287.000000    1.435148    0.005019 -154.775391    0.000000   -1.877964    0.000000    0.000000    0.000000    0.000000    0.000000    0.546922
 288.000000    1.440128    0.004980 -156.621094    0.000000   -1.825076    0.000000    0.000000    0.000000    0.000000    0.000000    0.478184
 289.000000    1.445198    0.005070 -158.906250    0.000000   -1.365075    0.000000    0.000000    0.000000    0.000000    0.000000    0.393392
 290.000000    1.450138    0.004939 -161.279297    0.000000   -0.770203    0.000000    0.000000    0.000000    0.000000    0.000000    0.363795
 291.000000    1.455146    0.005008 -163.564453    0.000000   -0.288047    0.000000    0.000000    0.000000    0.000000    0.000000    0.376712
 292.000000    1.460131    0.004986 -165.146484    0.000000   -0.500826    0.000000    0.000000    0.000000    0.000000    0.000000    0.526758
 293.000000    1.465150    0.005018 -165.849609    0.000000   -1.604256    0.000000    0.000000    0.000000    0.000000    0.000000    0.718910
 294.000000    1.470131    0.004981 -168.486328    0.000000   -0.760832    0.000000    0.000000    0.000000    0.000000    0.000000    0.237323
 295.000000    1.475149    0.005018 -171.386719    0.000000    0.333154    0.000000    0.000000    0.000000    0.000000    0.000000    0.257609
 296.000000    1.480132    0.004983 -173.583984    0.000000    0.736569    0.000000    0.000000    0.000000    0.000000    0.000000    0.381560
 297.000000    1.485151    0.005019 -174.726562    0.000000    0.072142    0.000000    0.000000    0.000000    0.000000    0.000000    0.599555
 298.000000    1.490130    0.004978 -175.693359    0.000000   -0.753306    0.000000    0.000000    0.000000    0.000000    0.000000    0.612831
 299.000000    1.495149    0.005019 -176.572266    0.000000   -1.681389    0.000000    0.000000    0.000000    0.000000    0.000000    0.666331
 300.000000    1.500130    0.004981 -178.417969    0.000000   -1.535081    0.000000    0.000000    0.000000    0.000000    0.000000    0.425345
 301.000000    1.505278    0.005148 -180.703125    0.000000    2.603235    0.000000    0.000000    0.000000    0.000000    0.000000   -0.504453
 302.000000    1.510129    0.004851 -182.724609    0.000000    6.371064    0.000000    0.000000    0.000000    0.000000    0.000000   -0.351732
 303.000000    1.515150    0.005021 -183.603516    0.000000    9.057366    0.000000    0.000000    0.000000    0.000000    0.000000   -0.266658
 304.000000    1.520128    0.004979 -182.812500    0.000000   10.058715    0.000000    0.000000    0.000000    0.000000    0.000000    0.021398
 305.000000    1.525148    0.005019 -182.109375    0.000000   11.162550    0.000000    0.000000    0.000000    0.000000    0.000000   -0.115416
 306.000000    1.530139    0.004992 -181.494141    0.000000   12.344256    0.000000    0.000000    0.000000    0.000000    0.000000   -0.151071
 307.000000    1.535146    0.005006 -181.054688    0.000000   13.707143    0.000000    0.000000    0.000000    0.000000    0.000000   -0.239551
 308.000000    1.540133    0.004987 -180.615234    0.000000   15.062965    0.000000    0.000000    0.000000    0.000000    0.000000   -0.277008
 309.000000    1.545147    0.005015 -180.351562    0.000000   16.604588    0.000000    0.000000    0.000000    0.000000    0.000000   -0.374493
 310.000000    1.550134    0.004987 -180.263672    0.000000   18.311897    0.000000    0.000000    0.000000    0.000000    0.000000   -0.460910
 311.000000    1.555147    0.005013 -180.175781    0.000000   20.028746    0.000000    0.000000    0.000000    0.000000    0.000000   -0.518832
 312.000000    1.560127    0.004980 -180.087891    0.000000   21.733701    0.000000    0.000000    0.000000    0.000000    0.000000   -0.579646
 313.000000    1.565149    0.005022 -180.175781    0.000000   23.629511    0.000000    0.000000    0.000000    0.000000    0.000000   -0.690320
 314.000000    1.570129    0.004980 -179.296875    0.000000   24.543405    0.000000    0.000000    0.000000    0.000000    0.000000   -0.509229
 315.000000    1.575149    0.005020 -178.505859    0.000000   25.559469    0.000000    0.000000    0.000000    0.000000    0.000000   -0.627081
 316.000000    1.580130    0.004981 -177.539062    0.000000   26.385773    0.000000    0.000000    0.000000    0.000000    0.000000   -0.607496
 317.000000    1.585147    0.005018 -176.132812    0.000000   26.785853    0.000000    0.000000    0.000000    0.000000    0.000000   -0.555432
 318.000000    1.590129    0.004981 -174.287109    0.000000   26.733369    0.000000    0.000000    0.000000    0.000000    0.000000   -0.488826
 319.000000    1.595148    0.005020 -172.089844    0.000000   26.343154    0.000000    0.000000    0.000000    0.000000    0.000000   -0.436912
 320.000000    1.600128    0.004980 -169.804688    0.000000   25.850843    0.000000    0.000000    0.000000    0.000000    0.000000   -0.426618
 321.000000    1.605148    0.005020 -166.816406    0.000000   24.669596    0.000000    0.000000    0.000000    0.000000    0.000000   -0.258084
 322.000000    1.610130    0.004982 -164.707031    0.000000   24.353921    0.000000    0.000000    0.000000    0.000000    0.000000   -0.482465
 323.000000    1.615147    0.005017 -163.740234    0.000000   25.193230    0.000000    0.000000    0.000000    0.000000    0.000000   -0.718034
 324.000000    1.620138    0.004991 -163.125000    0.000000   26.374860    0.000000    0.000000    0.000000    0.000000    0.000000   -0.794853
 325.000000    1.625145    0.005007 -162.070312    0.000000   27.122603    0.000000    0.000000    0.000000    0.000000    0.000000   -0.731575
 326.000000    1.630129    0.004983 -159.257812    0.000000   26.104118    0.000000    0.000000    0.000000    0.000000    0.000000   -0.357722
 327.000000    1.635148    0.005019 -156.533203    0.000000   25.186483    0.000000    0.000000    0.000000    0.000000    0.000000   -0.449203
 328.000000    1.640129    0.004981 -153.984375    0.000000   24.430755    0.000000    0.000000    0.000000    0.000000    0.000000   -0.449721
 329.000000    1.645147    0.005019 -151.611328    0.000000   23.864368    0.000000    0.000000    0.000000    0.000000    0.000000   -0.483885
 330.000000    1.650129    0.004981 -149.414062    0.000000   23.460428    0.000000    0.000000    0.000000    0.000000    0.000000   -0.510254
 331.000000    1.655152    0.005023 -147.392578    0.000000   23.247313    0.000000    0.000000    0.000000    0.000000    0.000000   -0.551244
 332.000000    1.660133    0.004981 -145.458984    0.000000   23.106715    0.000000    0.000000    0.000000    0.000000    0.000000   -0.566704
 333.000000    1.665148    0.005015 -143.789062    0.000000   23.242328    0.000000    0.000000    0.000000    0.000000    0.000000   -0.640874
 334.000000    1.670133    0.004985 -141.416016    0.000000   22.663776    0.000000    0.000000    0.000000    0.000000    0.000000   -0.468104
 335.000000    1.675148    0.005016 -139.130859    0.000000   22.184289    0.000000    0.000000    0.000000    0.000000    0.000000   -0.526183
 336.000000    1.680162    0.005014 -136.406250    0.000000   21.264660    0.000000    0.000000    0.000000    0.000000    0.000000   -0.400884
 337.000000    1.685150    0.004988 -133.857422    0.000000   20.511362    0.000000    0.000000    0.000000    0.000000    0.000000   -0.450699
 338.000000    1.690126    0.004976 -131.396484    0.000000   19.841679    0.000000    0.000000    0.000000    0.000000    0.000000   -0.444822
 339.000000    1.695148    0.005023 -129.111328    0.000000   19.364668    0.000000    0.000000    0.000000    0.000000    0.000000   -0.481522
 340.000000    1.700136    0.004988 -127.001953    0.000000   19.050943    0.000000    0.000000    0.000000    0.000000    0.000000   -0.507902
 341.000000    1.705150    0.005014 -125.068359    0.000000   18.922390    0.000000    0.000000    0.000000    0.000000    0.000000   -0.547988
 342.000000    1.710125    0.004975 -123.310547    0.000000   18.955667    0.000000    0.000000    0.000000    0.000000    0.000000   -0.585961
 343.000000    1.715146    0.005021 -121.640625    0.000000   19.093320    0.000000    0.000000    0.000000    0.000000    0.000000   -0.616373
 344.000000    1.720126    0.004980 -119.707031    0.000000   18.952346    0.000000    0.000000    0.000000    0.000000    0.000000   -0.558352
 345.000000    1.725146    0.005020 -116.806641    0.000000   17.859081    0.000000    0.000000    0.000000    0.000000    0.000000   -0.344868
 346.000000    1.730128    0.004982 -113.378906    0.000000   16.224986    0.000000    0.000000    0.000000    0.000000    0.000000   -0.232715
 347.000000    1.735149    0.005021 -111.621094    0.000000   16.274824    0.000000    0.000000    0.000000    0.000000    0.000000   -0.622685
 348.000000    1.740128    0.004979 -110.478516    0.000000   16.924611    0.000000    0.000000    0.000000    0.000000    0.000000   -0.691285
 349.000000    1.745146    0.005018 -108.193359    0.000000   16.446085    0.000000    0.000000    0.000000    0.000000    0.000000   -0.433059
 350.000000    1.750127    0.004981 -105.556641    0.000000   15.602391    0.000000    0.000000    0.000000    0.000000    0.000000   -0.396677
 351.000000    1.755146    0.005019 -102.128906    0.000000   13.981376    0.000000    0.000000    0.000000    0.000000    0.000000   -0.192674
 352.000000    1.760129    0.004984  -99.931641    0.000000   13.578246    0.000000    0.000000    0.000000    0.000000    0.000000   -0.488583
 353.000000    1.765148    0.005018  -99.228516    0.000000   14.681646    0.000000    0.000000    0.000000    0.000000    0.000000   -0.783517
 354.000000    1.770128    0.004981  -97.822266    0.000000   15.068436    0.000000    0.000000    0.000000    0.000000    0.000000   -0.588962
 355.000000    1.775146    0.005017  -94.921875    0.000000   13.974300    0.000000    0.000000    0.000000    0.000000    0.000000   -0.294684
 356.000000    1.780137    0.004991  -92.285156    0.000000   13.134491    0.000000    0.000000    0.000000    0.000000    0.000000   -0.394481
 357.000000    1.785147    0.005010  -89.912109    0.000000   12.564954    0.000000    0.000000    0.000000    0.000000    0.000000   -0.414727
 358.000000    1.790133    0.004986  -88.769531    0.000000   13.217411    0.000000    0.000000    0.000000    0.000000    0.000000   -0.697451
 359.000000    1.795145    0.005012  -87.539062    0.000000   13.791263    0.000000    0.000000    0.000000    0.000000    0.000000   -0.644854
 360.000000    1.800128    0.004983  -84.638672    0.000000   12.684677    0.000000    0.000000    0.000000    0.000000    0.000000   -0.274369
 361.000000    1.805144    0.005016  -81.386719    0.000000   11.238514    0.000000    0.000000    0.000000    0.000000    0.000000   -0.244658
 362.000000    1.810127    0.004983  -78.662109    0.000000   10.307664    0.000000    0.000000    0.000000    0.000000    0.000000   -0.331629
 363.000000    1.815144    0.005018  -77.958984    0.000000   11.410974    0.000000    0.000000    0.000000    0.000000    0.000000   -0.783466
 364.000000    1.820130    0.004985  -77.255859    0.000000   12.502614    0.000000    0.000000    0.000000    0.000000    0.000000   -0.723346
 365.000000    1.825146    0.005016  -74.794922    0.000000   11.847587    0.000000    0.000000    0.000000    0.000000    0.000000   -0.356861
 366.000000    1.830128    0.004981  -72.070312    0.000000   10.916243    0.000000    0.000000    0.000000    0.000000    0.000000   -0.358115
 367.000000    1.835146    0.005019  -68.994141    0.000000    9.646821    0.000000    0.000000    0.000000    0.000000    0.000000   -0.246973
 368.000000    1.840127    0.004981  -67.587891    0.000000   10.033641    0.000000    0.000000    0.000000    0.000000    0.000000   -0.639233
 369.000000    1.845144    0.005017  -66.972656    0.000000   11.224676    0.000000    0.000000    0.000000    0.000000    0.000000   -0.766057
 370.000000    1.850129    0.004984  -64.248047    0.000000   10.294322    0.000000    0.000000    0.000000    0.000000    0.000000   -0.266438
 371.000000    1.855145    0.005017  -61.611328    0.000000    9.463588    0.000000    0.000000    0.000000    0.000000    0.000000   -0.380069
 372.000000    1.860127    0.004982  -59.150391    0.000000    8.796291    0.000000    0.000000    0.000000    0.000000    0.000000   -0.368730
 373.000000    1.865145    0.005017  -56.777344    0.000000    8.229469    0.000000    0.000000    0.000000    0.000000    0.000000   -0.376897
 374.000000    1.870133    0.004988  -56.074219    0.000000    9.321994    0.000000    0.000000    0.000000    0.000000    0.000000   -0.767289
 375.000000    1.875146    0.005013  -55.458984    0.000000   10.511440    0.000000    0.000000    0.000000    0.000000    0.000000   -0.746521
 376.000000    1.880129    0.004984  -52.998047    0.000000    9.844577    0.000000    0.000000    0.000000    0.000000    0.000000   -0.346194
 377.000000    1.885134    0.005005  -50.273438    0.000000    8.921813    0.000000    0.000000    0.000000    0.000000    0.000000   -0.358654
 378.000000    1.890127    0.004993  -47.812500    0.000000    8.258340    0.000000    0.000000    0.000000    0.000000    0.000000   -0.390826
 379.000000    1.895136    0.005008  -45.439453    0.000000    7.688353    0.000000    0.000000    0.000000    0.000000    0.000000   -0.386858
 380.000000    1.900127    0.004991  -43.945312    0.000000    7.991018    0.000000    0.000000    0.000000    0.000000    0.000000   -0.586131
 381.000000    1.905144    0.005017  -42.363281    0.000000    8.215076    0.000000    0.000000    0.000000    0.000000    0.000000   -0.536605
 382.000000    1.910128    0.004984  -39.638672    0.000000    7.284767    0.000000    0.000000    0.000000    0.000000    0.000000   -0.278056
 383.000000    1.915143    0.005015  -36.914062    0.000000    6.365453    0.000000    0.000000    0.000000    0.000000    0.000000   -0.311374
 384.000000    1.920126    0.004984  -34.980469    0.000000    6.225949    0.000000    0.000000    0.000000    0.000000    0.000000   -0.465134
 385.000000    1.925146    0.005020  -34.541016    0.000000    7.593561    0.000000    0.000000    0.000000    0.000000    0.000000   -0.798606
 386.000000    1.930131    0.004985  -32.958984    0.000000    7.806279    0.000000    0.000000    0.000000    0.000000    0.000000   -0.492458
 387.000000    1.935134    0.005003  -30.673828    0.000000    7.322053    0.000000    0.000000    0.000000    0.000000    0.000000   -0.405918
 388.000000    1.940127    0.004993  -28.388672    0.000000    6.834452    0.000000    0.000000    0.000000    0.000000    0.000000   -0.412065
 389.000000    1.945189    0.005062  -26.191406    0.000000    6.459416    0.000000    0.000000    0.000000    0.000000    0.000000   -0.424542
 390.000000    1.950137    0.004948  -24.257812    0.000000    6.307073    0.000000    0.000000    0.000000    0.000000    0.000000   -0.466585
 391.000000    1.955132    0.004996  -22.500000    0.000000    6.347655    0.000000    0.000000    0.000000    0.000000    0.000000   -0.502603
 392.000000    1.960127    0.004995  -20.566406    0.000000    6.212246    0.000000    0.000000    0.000000    0.000000    0.000000   -0.456540
 393.000000    1.965192    0.005064  -17.666016    0.000000    5.135031    0.000000    0.000000    0.000000    0.000000    0.000000   -0.234701
 394.000000    1.970128    0.004936  -15.029297    0.000000    4.275257    0.000000    0.000000    0.000000    0.000000    0.000000   -0.303284
 395.000000    1.975146    0.005018  -14.062500    0.000000    5.114955    0.000000    0.000000    0.000000    0.000000    0.000000   -0.675827
 396.000000    1.980126    0.004980  -13.535156    0.000000    6.380531    0.000000    0.000000    0.000000    0.000000    0.000000   -0.727945
 397.000000    1.985149    0.005023  -12.216797    0.000000    6.870467    0.000000    0.000000    0.000000    0.000000    0.000000   -0.576462
 398.000000    1.992863    0.007714   -8.261719    0.000000    5.692309    0.000000    0.000000    0.000000    0.000000    0.000000   -0.224540
 399.000000    1.995160    0.002297   -7.031250    0.000000    5.288730    0.000000    0.000000    0.000000    0.000000    0.000000   -0.457256
 400.000000    2.000169    0.005010   -4.482422    0.000000    4.543382    0.000000    0.000000    0.000000    0.000000    0.000000   -0.306972
 401.000000    2.005186    0.005017   -2.197266    0.000000    4.064346    0.000000    0.000000    0.000000    0.000000    0.000000   -0.382817
 402.000000    2.010166    0.004979   -0.791016    0.000000    4.450656    0.000000    0.000000    0.000000    0.000000    0.000000   -0.562603
 403.000000    2.015209    0.005044    0.527344    0.000000    4.948046    0.000000    0.000000    0.000000    0.000000    0.000000   -0.565115
 404.000000    2.020167    0.004958    3.076172    0.000000    4.183933    0.000000    0.000000    0.000000    0.000000    0.000000   -0.276095
 405.000000    2.025198    0.005031    5.712891    0.000000    3.358299    0.000000    0.000000    0.000000    0.000000    0.000000   -0.302913
 406.000000    2.030236    0.005038    7.382812    0.000000    3.502208    0.000000    0.000000    0.000000    0.000000    0.000000   -0.506400
 407.000000    2.035211    0.004974    8.085938    0.000000    4.589873    0.000000    0.000000    0.000000    0.000000    0.000000   -0.698465
 408.000000    2.040392    0.005181    8.789062    0.000000    5.751878    0.000000    0.000000    0.000000    0.000000    0.000000   -0.715386
 409.000000    2.045226    0.004834   11.337891    0.000000    4.943349    0.000000    0.000000    0.000000    0.000000    0.000000   -0.273984
 410.000000    2.050184    0.004959   13.710938    0.000000    4.355453    0.000000    0.000000    0.000000    0.000000    0.000000   -0.404778
 411.000000    2.055204    0.005019   15.996094    0.000000    3.877286    0.000000    0.000000    0.000000    0.000000    0.000000   -0.381946
 412.000000    2.060167    0.004963   18.017578    0.000000    3.642617    0.000000    0.000000    0.000000    0.000000    0.000000   -0.431841
 413.000000    2.065201    0.005034   19.863281    0.000000    3.609034    0.000000    0.000000    0.000000    0.000000    0.000000   -0.463201
 414.000000    2.070173    0.004972   21.533203    0.000000    3.728987    0.000000    0.000000    0.000000    0.000000    0.000000   -0.494713
 415.000000    2.075233    0.005061   23.994141    0.000000    3.089844    0.000000    0.000000    0.000000    0.000000    0.000000   -0.307545
 416.000000    2.080175    0.004942   26.982422    0.000000    1.880563    0.000000    0.000000    0.000000    0.000000    0.000000   -0.189333
 417.000000    2.085189    0.005014   28.300781    0.000000    2.367109    0.000000    0.000000    0.000000    0.000000    0.000000   -0.590155
 418.000000    2.090155    0.004967   29.267578    0.000000    3.188297    0.000000    0.000000    0.000000    0.000000    0.000000   -0.598192
 419.000000    2.095159    0.005004   29.970703    0.000000    4.286492    0.000000    0.000000    0.000000    0.000000    0.000000   -0.697242
 420.000000    2.100130    0.004971   31.025391    0.000000    5.021485    0.000000    0.000000    0.000000    0.000000    0.000000   -0.628561
 421.000000    2.105150    0.005020   33.662109    0.000000    4.191801    0.000000    0.000000    0.000000    0.000000    0.000000   -0.290609
 422.000000    2.110130    0.004980   35.947266    0.000000    3.699475    0.000000    0.000000    0.000000    0.000000    0.000000   -0.424564
 423.000000    2.115147    0.005017   38.232422    0.000000    3.220573    0.000000    0.000000    0.000000    0.000000    0.000000   -0.380449
 424.000000    2.120140    0.004993   39.990234    0.000000    3.260061    0.000000    0.000000    0.000000    0.000000    0.000000   -0.502491
 425.000000    2.125148    0.005008   41.132812    0.000000    3.920453    0.000000    0.000000    0.000000    0.000000    0.000000   -0.630189
 426.000000    2.130129    0.004981   43.242188    0.000000    3.604418    0.000000    0.000000    0.000000    0.000000    0.000000   -0.387346
 427.000000    2.135147    0.005018   46.318359    0.000000    2.334711    0.000000    0.000000    0.000000    0.000000    0.000000   -0.200284
 428.000000    2.140126    0.004979   48.955078    0.000000    1.490297    0.000000    0.000000    0.000000    0.000000    0.000000   -0.302799
 429.000000    2.145148    0.005022   50.009766    0.000000    2.243439    0.000000    0.000000    0.000000    0.000000    0.000000   -0.641068
 430.000000    2.150130    0.004982   50.800781    0.000000    3.246019    0.000000    0.000000    0.000000    0.000000    0.000000   -0.652712
 431.000000    2.155151    0.005021   51.591797    0.000000    4.262503    0.000000    0.000000    0.000000    0.000000    0.000000   -0.693028
 432.000000    2.160127    0.004976   53.701172    0.000000    3.944593    0.000000    0.000000    0.000000    0.000000    0.000000   -0.396181
 433.000000    2.165148    0.005021   56.250000    0.000000    3.203430    0.000000    0.000000    0.000000    0.000000    0.000000   -0.352400
 434.000000    2.170128    0.004980   59.062500    0.000000    2.183685    0.000000    0.000000    0.000000    0.000000    0.000000   -0.268522
 435.000000    2.175148    0.005020   60.732422    0.000000    2.320813    0.000000    0.000000    0.000000    0.000000    0.000000   -0.536020
 436.000000    2.180127    0.004979   61.523438    0.000000    3.322103    0.000000    0.000000    0.000000    0.000000    0.000000   -0.692467
 437.000000    2.185149    0.005022   63.632812    0.000000    3.020678    0.000000    0.000000    0.000000    0.000000    0.000000   -0.374989
 438.000000    2.190133    0.004985   66.357422    0.000000    2.090518    0.000000    0.000000    0.000000    0.000000    0.000000   -0.285519
 439.000000    2.195209    0.005076   68.994141    0.000000    1.281220    0.000000    0.000000    0.000000    0.000000    0.000000   -0.302806
 440.000000    2.200154    0.004945   70.488281    0.000000    1.567249    0.000000    0.000000    0.000000    0.000000    0.000000   -0.538718
 441.000000    2.205148    0.004994   71.455078    0.000000    2.398202    0.000000    0.000000    0.000000    0.000000    0.000000   -0.629133
 442.000000    2.210124    0.004976   72.070312    0.000000    3.574493    0.000000    0.000000    0.000000    0.000000    0.000000   -0.725515
 443.000000    2.215134    0.005009   72.597656    0.000000    4.850449    0.000000    0.000000    0.000000    0.000000    0.000000   -0.773760
 444.000000    2.220124    0.004990   75.146484    0.000000    4.098096    0.000000    0.000000    0.000000    0.000000    0.000000   -0.314472
 445.000000    2.225145    0.005021   78.222656    0.000000    2.829484    0.000000    0.000000    0.000000    0.000000    0.000000   -0.269768
 446.000000    2.230124    0.004979   80.947266    0.000000    1.897270    0.000000    0.000000    0.000000    0.000000    0.000000   -0.317390
 447.000000    2.235149    0.005025   82.001953    0.000000    2.651537    0.000000    0.000000    0.000000    0.000000    0.000000   -0.687389
 448.000000    2.240127    0.004979   83.496094    0.000000    2.949791    0.000000    0.000000    0.000000    0.000000    0.000000   -0.518390
 449.000000    2.245149    0.005022   85.869141    0.000000    2.384665    0.000000    0.000000    0.000000    0.000000    0.000000   -0.358765
 450.000000    2.250126    0.004976   88.857422    0.000000    1.187908    0.000000    0.000000    0.000000    0.000000    0.000000   -0.221276
 451.000000    2.255145    0.005019   91.406250    0.000000    0.446070    0.000000    0.000000    0.000000    0.000000    0.000000   -0.321427
 452.000000    2.260126    0.004981   92.460938    0.000000    1.184498    0.000000    0.000000    0.000000    0.000000    0.000000   -0.634557
 453.000000    2.265144    0.005018   93.427734    0.000000    2.024241    0.000000    0.000000    0.000000    0.000000    0.000000   -0.614423
 454.000000    2.270128    0.004984   94.306641    0.000000    2.939544    0.000000    0.000000    0.000000    0.000000    0.000000   -0.670466
 455.000000    2.275145    0.005017   96.416016    0.000000    2.636170    0.000000    0.000000    0.000000    0.000000    0.000000   -0.393741
 456.000000    2.280132    0.004987   98.701172    0.000000    2.146198    0.000000    0.000000    0.000000    0.000000    0.000000   -0.403134
 457.000000    2.285133    0.005001  100.898438    0.000000    1.749428    0.000000    0.000000    0.000000    0.000000    0.000000   -0.406930
 458.000000    2.290130    0.004997  102.919922    0.000000    1.526713    0.000000    0.000000    0.000000    0.000000    0.000000   -0.435153
 459.000000    2.295146    0.005016  104.853516    0.000000    1.398999    0.000000    0.000000    0.000000    0.000000    0.000000   -0.444567
 460.000000    2.300128    0.004982  106.523438    0.000000    1.522583    0.000000    0.000000    0.000000    0.000000    0.000000   -0.500305
 461.000000    2.305143    0.005015  108.105469    0.000000    1.745981    0.000000    0.000000    0.000000    0.000000    0.000000   -0.517399
 462.000000    2.310127    0.004984  110.390625    0.000000    1.255065    0.000000    0.000000    0.000000    0.000000    0.000000   -0.347199
 463.000000    2.315144    0.005017  112.851562    0.000000    0.600143    0.000000    0.000000    0.000000    0.000000    0.000000   -0.329242
 464.000000    2.320128    0.004984  114.697266    0.000000    0.548710    0.000000    0.000000    0.000000    0.000000    0.000000   -0.457780
 465.000000    2.325144    0.005016  115.224609    0.000000    1.827141    0.000000    0.000000    0.000000    0.000000    0.000000   -0.753152
 466.000000    2.330128    0.004985  116.542969    0.000000    2.303291    0.000000    0.000000    0.000000    0.000000    0.000000   -0.535559
 467.000000    2.335146    0.005017  118.916016    0.000000    1.736530    0.000000    0.000000    0.000000    0.000000    0.000000   -0.349407
 468.000000    2.340125    0.004979  121.464844    0.000000    0.980216    0.000000    0.000000    0.000000    0.000000    0.000000   -0.326387
 469.000000    2.345147    0.005021  123.925781    0.000000    0.326974    0.000000    0.000000    0.000000    0.000000    0.000000   -0.329488
 470.000000    2.350126    0.004980  125.156250    0.000000    0.889245    0.000000    0.000000    0.000000    0.000000    0.000000   -0.603501
 471.000000    2.355143    0.005017  125.859375    0.000000    1.992195    0.000000    0.000000    0.000000    0.000000    0.000000   -0.693824
 472.000000    2.360128    0.004985  128.583984    0.000000    1.062081    0.000000    0.000000    0.000000    0.000000    0.000000   -0.215155
 473.000000    2.365143    0.005015  131.308594    0.000000    0.142796    0.000000    0.000000    0.000000    0.000000    0.000000   -0.296001
 474.000000    2.370131    0.004988  133.681641    0.000000   -0.434421    0.000000    0.000000    0.000000    0.000000    0.000000   -0.326877
 475.000000    2.375142    0.005011  134.912109    0.000000    0.139086    0.000000    0.000000    0.000000    0.000000    0.000000   -0.580785
 476.000000    2.380126    0.004984  135.703125    0.000000    1.142295    0.000000    0.000000    0.000000    0.000000    0.000000   -0.648458
 477.000000    2.385144    0.005017  136.406250    0.000000    2.245425    0.000000    0.000000    0.000000    0.000000    0.000000   -0.695434
 478.000000    2.390127    0.004983  136.933594    0.000000    3.512096    0.000000    0.000000    0.000000    0.000000    0.000000   -0.767373
 479.000000    2.395134    0.005008  139.218750    0.000000    3.029655    0.000000    0.000000    0.000000    0.000000    0.000000   -0.369974
 480.000000    2.400126    0.004992  141.767578    0.000000    2.277872    0.000000    0.000000    0.000000    0.000000    0.000000   -0.380881
 481.000000    2.405143    0.005017  144.228516    0.000000    1.623130    0.000000    0.000000    0.000000    0.000000    0.000000   -0.375559
 482.000000    2.410126    0.004983  146.601562    0.000000    1.043918    0.000000    0.000000    0.000000    0.000000    0.000000   -0.371955
 483.000000    2.415143    0.005017  148.710938    0.000000    0.740513    0.000000    0.000000    0.000000    0.000000    0.000000   -0.419653
 484.000000    2.420127    0.004984  150.732422    0.000000    0.513283    0.000000    0.000000    0.000000    0.000000    0.000000   -0.416336
 485.000000    2.425143    0.005016  152.578125    0.000000    0.473280    0.000000    0.000000    0.000000    0.000000    0.000000   -0.454999
 486.000000    2.430125    0.004983  154.248047    0.000000    0.597103    0.000000    0.000000    0.000000    0.000000    0.000000   -0.485037
 487.000000    2.435142    0.005017  155.830078    0.000000    0.821207    0.000000    0.000000    0.000000    0.000000    0.000000   -0.507679
 488.000000    2.440126    0.004984  157.324219    0.000000    1.121201    0.000000    0.000000    0.000000    0.000000    0.000000   -0.529954
 489.000000    2.445133    0.005007  158.642578    0.000000    1.605422    0.000000    0.000000    0.000000    0.000000    0.000000   -0.581996
 490.000000    2.450136    0.005002  160.576172    0.000000    1.472713    0.000000    0.000000    0.000000    0.000000    0.000000   -0.437214
 491.000000    2.455133    0.004997  162.949219    0.000000    0.898751    0.000000    0.000000    0.000000    0.000000    0.000000   -0.358646
 492.000000    2.460126    0.004993  165.146484    0.000000    0.498891    0.000000    0.000000    0.000000    0.000000    0.000000   -0.399015
 493.000000    2.465132    0.005005  167.255859    0.000000    0.191481    0.000000    0.000000    0.000000    0.000000    0.000000   -0.397654
 494.000000    2.470127    0.004995  168.134766    0.000000    1.110834    0.000000    0.000000    0.000000    0.000000    0.000000   -0.688329
 495.000000    2.475134    0.005008  169.189453    0.000000    1.858892    0.000000    0.000000    0.000000    0.000000    0.000000   -0.613131
 496.000000    2.480130    0.004996  171.738281    0.000000    1.108459    0.000000    0.000000    0.000000    0.000000    0.000000   -0.291406
 497.000000    2.485230    0.005100  175.078125    0.000000   -0.395355    0.000000    0.000000    0.000000    0.000000    0.000000   -0.154229
 498.000000    2.490126    0.004896  177.539062    0.000000   -1.093552    0.000000    0.000000    0.000000    0.000000    0.000000   -0.328041
 499.000000    2.495148    0.005022  178.417969    0.000000   -0.164569    0.000000    0.000000    0.000000    0.000000    0.000000   -0.660652
