       step          sn     cputime cputimediff       angle         ref           v 
   0.000000  200.000000    1.003551    1.003546   -0.000000    0.000000    0.000000 
   1.000000  202.000000    1.013143    0.009592   -0.000000   -3.600000   -0.132013 
   2.000000  203.000000    1.019204    0.006061   -0.000000   -5.400000   -0.282028 
   3.000000  204.000000    1.025223    0.006019   -0.000000   -7.200000   -0.433543 
   4.000000  205.000000    1.031221    0.005998   -0.000000   -9.000000   -0.583558 
   5.000000  206.000000    1.037204    0.005983   -0.966797  -10.800000   -0.735074 
   6.000000  208.000000    1.043172    0.005967   -4.130859  -14.400000   -0.960096 
   7.000000  209.000000    1.049145    0.005973   -6.064453  -16.200000   -0.622562 
   8.000000  210.000000    1.055119    0.005974   -9.052734  -18.000000   -0.591059 
   9.000000  211.000000    1.061099    0.005980  -12.656250  -19.800000   -0.360036 
  10.000000  212.000000    1.067105    0.006006  -15.996094  -21.600000   -0.133513 
  11.000000  214.000000    1.073085    0.005980  -20.214844  -25.200000   -0.622562 
  12.000000  215.000000    1.079091    0.006005  -21.445312  -27.000000   -0.286529 
  13.000000  216.000000    1.085321    0.006230  -24.521484  -28.800000   -0.313531 
  14.000000  217.000000    1.091390    0.006070  -26.455078  -30.600000    0.030003 
  15.000000  218.000000    1.097474    0.006084  -27.333984  -32.400000   -0.108011 
  16.000000  220.000000    1.103562    0.006087  -28.652344  -36.000000   -0.585059 
  17.000000  221.000000    1.109556    0.005994  -30.322266  -37.800000   -0.549055 
  18.000000  222.000000    1.115565    0.006009  -32.607422  -39.600000   -0.426043 
  19.000000  223.000000    1.121549    0.005984  -35.859375  -41.400000   -0.307531 
  20.000000  224.000000    1.127543    0.005993  -38.759766  -43.200000   -0.064506 
  21.000000  226.000000    1.133536    0.005993  -40.957031  -46.800000   -0.544554 
  22.000000  227.000000    1.139550    0.006015  -42.187500  -48.600000   -0.399040 
  23.000000  228.000000    1.145556    0.006006  -45.000000  -50.400000   -0.403540 
  24.000000  229.000000    1.151582    0.006026  -47.548828  -52.200000   -0.117012 
  25.000000  230.000000    1.157763    0.006182  -49.130859  -54.000000   -0.090009 
  26.000000  232.000000    1.163847    0.006083  -50.888672  -57.600000   -0.589559 
  27.000000  233.000000    1.169980    0.006133  -52.646484  -59.400000   -0.492049 
  28.000000  234.000000    1.175974    0.005994  -55.371094  -61.200000   -0.373537 
  29.000000  235.000000    1.181966    0.005992  -58.183594  -63.000000   -0.174017 
  30.000000  237.000000    1.188146    0.006181  -61.787109  -66.600000   -0.592559 
  31.000000  238.000000    1.194147    0.006000  -62.138672  -68.400000   -0.309031 
  32.000000  239.000000    1.200134    0.005987  -64.335938  -70.200000   -0.520552 
  33.000000  240.000000    1.206112    0.005978  -66.357422  -72.000000   -0.252025 
  34.000000  241.000000    1.212105    0.005993  -68.291016  -73.800000   -0.258026 
  35.000000  243.000000    1.218131    0.006026  -71.455078  -77.400000   -0.660066 
  36.000000  244.000000    1.224192    0.006060  -72.246094  -79.200000   -0.355536 
  37.000000  245.000000    1.230280    0.006089  -73.652344  -81.000000   -0.531053 
  38.000000  246.000000    1.236377    0.006097  -76.113281  -82.800000   -0.487549 
  39.000000  247.000000    1.242358    0.005981  -78.398438  -84.600000   -0.298530 
  40.000000  249.000000    1.248369    0.006011  -82.441406  -88.200000   -0.727573 
  41.000000  250.000000    1.254431    0.006061  -84.550781  -90.000000   -0.294029 
  42.000000  251.000000    1.260516    0.006085  -87.714844  -91.800000   -0.247525 
  43.000000  252.000000    1.266532    0.006017  -90.703125  -93.600000    0.000000 
  44.000000  253.000000    1.272565    0.006033  -92.724609  -95.400000    0.075008 
  45.000000  255.000000    1.278686    0.006121  -94.658203  -99.000000   -0.442544 
  46.000000  256.000000    1.284889    0.006203  -96.591797 -100.800000   -0.319532 
  47.000000  258.000000    1.294003    0.009114 -101.601562 -104.400000   -0.573057 
  48.000000  259.000000    1.300189    0.006185 -102.216797 -106.200000    0.033003 
  49.000000  260.000000    1.306323    0.006135 -102.744141 -108.000000   -0.327033 
  50.000000  261.000000    1.312521    0.006197 -103.007812 -109.800000   -0.445545 
  51.000000  263.000000    1.319540    0.007019 -103.183594 -113.400000   -0.793579 
  52.000000  264.000000    1.325659    0.006119 -104.677734 -115.200000   -0.921092 
  53.000000  265.000000    1.331824    0.006165 -107.314453 -117.000000   -0.768077 
  54.000000  267.000000    1.338058    0.006234 -114.785156 -120.600000   -1.045605 
  55.000000  268.000000    1.344084    0.006027 -118.740234 -122.400000   -0.033003 
  56.000000  269.000000    1.350128    0.006043 -122.519531 -124.200000    0.111011 
  57.000000  270.000000    1.356167    0.006039 -126.123047 -126.000000    0.252025 
  58.000000  271.000000    1.362216    0.006049 -128.583984 -127.800000    0.378038 
  59.000000  273.000000    1.368224    0.006007 -130.869141 -131.400000   -0.180018 
  60.000000  274.000000    1.374385    0.006161 -130.693359 -133.200000   -0.072007 
  61.000000  275.000000    1.380876    0.006491 -130.429688 -135.000000   -0.327033 
  62.000000  276.000000    1.386502    0.005627 -130.253906 -136.800000   -0.511551 
  63.000000  277.000000    1.392163    0.005661 -130.166016 -138.600000   -0.664566 
  64.000000  278.000000    1.397711    0.005548 -130.166016 -140.400000   -0.813081 
  65.000000  280.000000    1.403199    0.005488 -133.242188 -144.000000   -1.105611 
  66.000000  281.000000    1.408678    0.005479 -136.054688 -145.800000   -0.787579 
  67.000000  282.000000    1.414157    0.005479 -140.273438 -147.600000   -0.558056 
  68.000000  283.000000    1.419637    0.005480 -144.492188 -149.400000   -0.178518 
  69.000000  284.000000    1.425138    0.005501 -148.447266 -151.200000    0.019502 
  70.000000  285.000000    1.430615    0.005478 -151.347656 -153.000000    0.163516 
  71.000000  286.000000    1.436091    0.005475 -153.632812 -154.800000    0.118512 
  72.000000  287.000000    1.441566    0.005475 -154.775391 -156.600000    0.079508 
  73.000000  288.000000    1.447040    0.005474 -155.126953 -158.400000   -0.123012 
  74.000000  289.000000    1.452531    0.005492 -155.126953 -160.200000   -0.346535 
  75.000000  291.000000    1.458008    0.005476 -154.863281 -163.800000   -0.693069 
  76.000000  292.000000    1.463483    0.005476 -154.775391 -165.600000   -0.877588 
  77.000000  293.000000    1.468958    0.005475 -156.445312 -167.400000   -1.038104 
  78.000000  294.000000    1.474435    0.005477 -159.257812 -169.200000   -0.825083 
  79.000000  295.000000    1.479927    0.005493 -163.388672 -171.000000   -0.595560 
  80.000000  296.000000    1.485402    0.005475 -168.310547 -172.800000   -0.235524 
  81.000000  297.000000    1.490879    0.005477 -171.123047 -174.600000    0.124512 
  82.000000  298.000000    1.496356    0.005477 -173.847656 -176.400000   -0.064506 
  83.000000  299.000000    1.501833    0.005477 -176.308594 -178.200000   -0.000000 
  84.000000  300.000000    1.507309    0.005476 -177.626953 -180.000000    0.019502 
  85.000000  301.000000    1.512786    0.005477 -178.154297 -178.200000   -0.168017 
  86.000000  303.000000    1.518273    0.005487 -179.208984 -174.600000    0.468047 
  87.000000  304.000000    1.523748    0.005475 -180.000000 -172.800000    0.798080 
  88.000000  305.000000    1.529220    0.005472 -180.000000 -171.000000    1.026103 
  89.000000  306.000000    1.534697    0.005477 -178.417969 -169.200000    1.075608 
  90.000000  307.000000    1.540177    0.005480 -175.869141 -167.400000    0.891089 
  91.000000  308.000000    1.545656    0.005479 -171.738281 -165.600000    0.706571 
  92.000000  309.000000    1.551134    0.005478 -166.816406 -163.800000    0.312031 
  93.000000  310.000000    1.556612    0.005479 -163.300781 -162.000000   -0.048005 
  94.000000  311.000000    1.562090    0.005477 -160.048828 -160.200000   -0.009001 
  95.000000  312.000000    1.567589    0.005500 -156.972656 -158.400000   -0.094509 
  96.000000  314.000000    1.573066    0.005477 -154.687500 -154.800000    0.367537 
  97.000000  315.000000    1.578541    0.005475 -154.423828 -153.000000    0.202520 
  98.000000  316.000000    1.584054    0.005513 -154.335938 -151.200000    0.421542 
  99.000000  317.000000    1.589530    0.005476 -153.544922 -149.400000    0.586559 
 100.000000  318.000000    1.595028    0.005498 -152.050781 -147.600000    0.580558 
 101.000000  319.000000    1.600503    0.005475 -150.117188 -145.800000    0.516052 
 102.000000  320.000000    1.605977    0.005474 -148.095703 -144.000000    0.450045 
 103.000000  321.000000    1.611451    0.005473 -146.250000 -142.200000    0.421542 
 104.000000  322.000000    1.616925    0.005475 -143.964844 -140.400000    0.441044 
 105.000000  323.000000    1.622417    0.005491 -141.240234 -138.600000    0.345035 
 106.000000  324.000000    1.627893    0.005476 -138.779297 -136.800000    0.213021 
 107.000000  326.000000    1.633369    0.005476 -134.296875 -133.200000    0.660066 
 108.000000  327.000000    1.638845    0.005476 -132.275391 -131.400000    0.165017 
 109.000000  328.000000    1.644345    0.005499 -130.429688 -129.600000    0.159016 
 110.000000  329.000000    1.649833    0.005489 -128.320312 -127.800000    0.177018 
 111.000000  330.000000    1.655310    0.005477 -126.123047 -126.000000    0.118512 
 112.000000  331.000000    1.660785    0.005474 -125.859375 -124.200000    0.073507 
 113.000000  332.000000    1.666258    0.005474 -125.947266 -122.400000    0.451545 
 114.000000  333.000000    1.671733    0.005475 -126.123047 -120.600000    0.654065 
 115.000000  334.000000    1.677208    0.005475 -126.123047 -118.800000    0.831083 
 116.000000  335.000000    1.682754    0.005546 -125.859375 -117.000000    0.958596 
 117.000000  337.000000    1.688680    0.005926 -120.849609 -113.400000    1.240624 
 118.000000  338.000000    1.694607    0.005927 -116.542969 -111.600000    0.546055 
 119.000000  339.000000    1.700564    0.005957 -110.830078 -109.800000    0.214521 
 120.000000  340.000000    1.706517    0.005953 -106.611328 -108.000000   -0.291029 
 121.000000  341.000000    1.712466    0.005949 -103.007812 -106.200000   -0.298530 
 122.000000  343.000000    1.718417    0.005951 -100.019531 -102.600000    0.243024 
 123.000000  344.000000    1.724372    0.005955  -97.646484 -100.800000   -0.025503 
 124.000000  345.000000    1.730321    0.005949  -95.361328  -99.000000   -0.210021 
 125.000000  346.000000    1.736305    0.005984  -94.746094  -97.200000   -0.240024 
 126.000000  347.000000    1.742207    0.005903  -94.746094  -95.400000    0.073507 
 127.000000  349.000000    1.748107    0.005899  -95.361328  -91.800000    0.450045 
 128.000000  350.000000    1.754010    0.005903  -95.625000  -90.000000    0.685569 
 129.000000  351.000000    1.759911    0.005900  -95.625000  -88.200000    0.858086 
 130.000000  352.000000    1.765806    0.005895  -94.042969  -86.400000    0.975098 
 131.000000  353.000000    1.771700    0.005894  -92.021484  -84.600000    0.792079 
 132.000000  354.000000    1.777606    0.005906  -88.769531  -82.800000    0.718572 
 133.000000  356.000000    1.783510    0.005904  -80.947266  -79.200000    1.011101 
 134.000000  357.000000    1.789416    0.005906  -76.025391  -77.400000    0.013501 
 135.000000  358.000000    1.795321    0.005905  -70.400391  -75.600000   -0.381038 
 136.000000  359.000000    1.801223    0.005902  -66.972656  -73.800000   -0.790579 
 137.000000  360.000000    1.807246    0.006022  -64.775391  -72.000000   -0.643564 
 138.000000  362.000000    1.813141    0.005895  -65.039062  -68.400000   -0.090009 
 139.000000  363.000000    1.819233    0.006092  -65.917969  -66.600000    0.172517 
 140.000000  364.000000    1.825161    0.005927  -66.708984  -64.800000    0.415542 
 141.000000  365.000000    1.831060    0.005900  -67.236328  -63.000000    0.619562 
 142.000000  366.000000    1.836965    0.005905  -66.005859  -61.200000    0.780078 
 143.000000  367.000000    1.842857    0.005892  -64.335938  -59.400000    0.601560 
 144.000000  369.000000    1.848752    0.005895  -59.501953  -55.800000    0.922592 
 145.000000  370.000000    1.854661    0.005909  -56.162109  -54.000000    0.355536 
 146.000000  371.000000    1.860570    0.005909  -52.031250  -52.200000    0.115512 
 147.000000  372.000000    1.866466    0.005896  -48.427734  -50.400000   -0.180018 
 148.000000  373.000000    1.872416    0.005950  -46.582031  -48.600000   -0.262526 
 149.000000  375.000000    1.878496    0.006079  -43.330078  -45.000000    0.346535 
 150.000000  376.000000    1.884437    0.005942  -41.923828  -43.200000    0.033003 
 151.000000  377.000000    1.890381    0.005943  -41.044922  -41.400000    0.076508 
 152.000000  378.000000    1.896327    0.005947  -41.044922  -39.600000    0.222022 
 153.000000  379.000000    1.902238    0.005911  -41.396484  -37.800000    0.484548 
 154.000000  381.000000    1.908093    0.005855  -42.099609  -34.200000    0.813081 
 155.000000  382.000000    1.913946    0.005853  -41.572266  -32.400000    1.069607 
 156.000000  383.000000    1.919881    0.005934  -39.990234  -30.600000    1.063606 
 157.000000  384.000000    1.925782    0.005901  -36.914062  -28.800000    0.948095 
 158.000000  385.000000    1.931675    0.005893  -32.958984  -27.000000    0.652565 
 159.000000  386.000000    1.937581    0.005906  -28.212891  -25.200000    0.361536 
 160.000000  388.000000    1.943481    0.005900  -19.072266  -21.600000    0.778578 
 161.000000  389.000000    1.949507    0.006026  -14.853516  -19.800000   -0.409541 
 162.000000  390.000000    1.955403    0.005896  -10.810547  -18.000000   -0.577558 
 163.000000  391.000000    1.961302    0.005899   -7.470703  -16.200000   -0.742574 
 164.000000  392.000000    1.967206    0.005904   -7.207031  -14.400000   -0.781578 
 165.000000  394.000000    1.973181    0.005974  -10.898438  -10.800000   -0.078008 
 166.000000  395.000000    1.979083    0.005902  -13.095703   -9.000000    0.672067 
 167.000000  396.000000    1.984981    0.005899  -14.589844   -7.200000    0.993099 
 168.000000  397.000000    1.990873    0.005892  -13.623047   -5.400000    1.177618 
 169.000000  398.000000    1.996771    0.005897  -11.250000   -3.600000    0.931593 
 170.000000  399.000000    2.002670    0.005899   -7.558594   -1.800000    0.705071 
 171.000000  401.000000    2.008567    0.005897    1.142578    1.800000    1.006601 
 172.000000  402.000000    2.014470    0.005903    6.503906    3.600000   -0.177018 
 173.000000  403.000000    2.020501    0.006031   13.183594    5.400000   -0.553555 
 174.000000  404.000000    2.026398    0.005897   16.259766    7.200000   -1.129613 
 175.000000  405.000000    2.032299    0.005901   17.753906    9.000000   -0.772577 
 176.000000  407.000000    2.038198    0.005899   17.226562   12.600000   -0.207021 
 177.000000  408.000000    2.044099    0.005901   16.523438   14.400000    0.064506 
 178.000000  409.000000    2.050054    0.005955   15.996094   16.200000    0.283528 
 179.000000  410.000000    2.056013    0.005958   15.556641   18.000000    0.453045 
 180.000000  411.000000    2.061962    0.005949   15.380859   19.800000    0.628563 
 181.000000  412.000000    2.067914    0.005952   16.347656   21.600000    0.759076 
 182.000000  414.000000    2.073862    0.005948   21.357422   25.200000    0.957096 
 183.000000  415.000000    2.079811    0.005949   24.873047   27.000000    0.285029 
 184.000000  416.000000    2.085749    0.005938   28.652344   28.800000    0.097510 
 185.000000  417.000000    2.091790    0.006041   32.783203   30.600000   -0.100510 
 186.000000  418.000000    2.097690    0.005900   35.332031   32.400000   -0.339034 
 187.000000  420.000000    2.103594    0.005904   36.826172   36.000000    0.279028 
 188.000000  421.000000    2.109500    0.005906   37.001953   37.800000    0.259526 
 189.000000  422.000000    2.115397    0.005896   37.089844   39.600000    0.415542 
 190.000000  423.000000    2.121295    0.005899   37.001953   41.400000    0.570057 
 191.000000  424.000000    2.127181    0.005886   37.265625   43.200000    0.750075 
 192.000000  426.000000    2.133077    0.005896   41.308594   46.800000    1.018602 
 193.000000  427.000000    2.138981    0.005904   44.560547   48.600000    0.505551 
 194.000000  428.000000    2.144878    0.005897   48.251953   50.400000    0.295530 
 195.000000  429.000000    2.150778    0.005899   52.382812   52.200000    0.082508 
 196.000000  430.000000    2.156674    0.005897   56.337891   54.000000   -0.166517 
 197.000000  431.000000    2.162569    0.005895   58.183594   55.800000   -0.322532 
 198.000000  433.000000    2.168465    0.005896   59.765625   59.400000    0.331533 
 199.000000  434.000000    2.174372    0.005907   60.117188   61.200000    0.304530 
 200.000000  435.000000    2.180274    0.005901   61.083984   63.000000    0.424542 
 201.000000  436.000000    2.186174    0.005900   62.841797   64.800000    0.414041 
 202.000000  437.000000    2.192078    0.005904   64.511719   66.600000    0.316532 
 203.000000  439.000000    2.197982    0.005905   67.236328   70.200000    0.703570 
 204.000000  440.000000    2.204002    0.006020   68.378906   72.000000    0.469547 
 205.000000  441.000000    2.209901    0.005899   69.521484   73.800000    0.537054 
 206.000000  442.000000    2.215796    0.005895   72.246094   75.600000    0.592559 
 207.000000  443.000000    2.221700    0.005905   74.794922   77.400000    0.312031 
 208.000000  444.000000    2.227598    0.005898   77.167969   79.200000    0.274527 
 209.000000  446.000000    2.233500    0.005902   81.474609   82.800000    0.705071 
 210.000000  447.000000    2.239399    0.005898   83.847656   84.600000    0.237024 
 211.000000  448.000000    2.245345    0.005947   87.451172   86.400000    0.144014 
 212.000000  449.000000    2.251235    0.005889   90.000000   88.200000   -0.163516 
 213.000000  450.000000    2.257188    0.005954   91.054688   90.000000   -0.090009 
 214.000000  452.000000    2.263149    0.005961   93.515625   93.600000    0.448545 
 215.000000  453.000000    2.269100    0.005951   95.009766   95.400000    0.201020 
 216.000000  454.000000    2.275165    0.006065   96.416016   97.200000    0.226523 
 217.000000  455.000000    2.281098    0.005932   97.646484   99.000000    0.271527 
 218.000000  456.000000    2.287144    0.006046   98.525391  100.800000    0.342034 
 219.000000  458.000000    2.293087    0.005943   98.876953  104.400000    0.726073 
 220.000000  459.000000    2.298982    0.005895   99.052734  106.200000    0.837084 
 221.000000  460.000000    2.304896    0.005914  100.458984  108.000000    0.963096 
 222.000000  461.000000    2.310798    0.005902  102.656250  109.800000    0.838584 
 223.000000  462.000000    2.316698    0.005900  106.259766  111.600000    0.705071 
 224.000000  463.000000    2.322596    0.005898  109.775391  113.400000    0.376538 
 225.000000  465.000000    2.328494    0.005898  117.333984  117.000000    0.850585 
 226.000000  466.000000    2.334410    0.005917  122.255859  118.800000   -0.148515 
 227.000000  467.000000    2.340311    0.005901  126.914062  120.600000   -0.522052 
 228.000000  468.000000    2.346333    0.006021  130.693359  122.400000   -0.726073 
 229.000000  469.000000    2.352239    0.005906  131.660156  124.200000   -0.780078 
 230.000000  471.000000    2.358145    0.005906  128.847656  127.800000   -0.078008 
 231.000000  472.000000    2.364054    0.005909  126.826172  129.600000    0.553555 
 232.000000  473.000000    2.369950    0.005896  124.980469  131.400000    0.882088 
 233.000000  474.000000    2.375853    0.005903  126.035156  133.200000    1.164116 
 234.000000  475.000000    2.381749    0.005896  128.320312  135.000000    0.853585 
 235.000000  476.000000    2.387661    0.005912  131.923828  136.800000    0.657066 
 236.000000  478.000000    2.393546    0.005885  140.449219  140.400000    0.954095 
 237.000000  479.000000    2.399455    0.005909  145.371094  142.200000   -0.250525 
 238.000000  480.000000    2.405359    0.005904  149.941406  144.000000   -0.498050 
 239.000000  481.000000    2.411250    0.005891  153.984375  145.800000   -0.684068 
 240.000000  482.000000    2.417240    0.005990  155.126953  147.600000   -0.804080 
 241.000000  484.000000    2.423082    0.005841  155.126953  151.200000   -0.084008 
 242.000000  485.000000    2.428984    0.005902  154.775391  153.000000    0.111011 
 243.000000  486.000000    2.434939    0.005956  154.335938  154.800000    0.288029 
 244.000000  487.000000    2.440891    0.005952  154.599609  156.600000    0.484548 
 245.000000  488.000000    2.446845    0.005954  156.005859  158.400000    0.522052 
 246.000000  489.000000    2.452794    0.005949  157.851562  160.200000    0.408041 
 247.000000  491.000000    2.458749    0.005955  162.333984  163.800000    0.736574 
 248.000000  492.000000    2.464705    0.005956  165.146484  165.600000    0.208521 
 249.000000  493.000000    2.470592    0.005887  167.695312  167.400000    0.067507 
 250.000000  494.000000    2.476530    0.005938  170.068359  169.200000    0.039004 
 251.000000  495.000000    2.482434    0.005904  172.177734  171.000000    0.015002 
 252.000000  497.000000    2.488460    0.006026  173.320312  174.600000    0.444044 
 253.000000  498.000000    2.494368    0.005908  173.496094  176.400000    0.475548 
 254.000000  499.000000    2.500275    0.005908  173.496094  178.200000    0.612061 
 255.000000  500.000000    2.506183    0.005908  173.496094  180.000000    0.784578 
 256.000000  501.000000    2.512085    0.005902  173.583984  178.200000    0.936094 
 257.000000  503.000000    2.517991    0.005905  177.626953  174.600000    0.168017 
 258.000000  504.000000    2.523894    0.005903  180.087891  172.800000   -0.634563 
 259.000000  505.000000    2.529793    0.005899  182.460938  171.000000   -0.990099 
 260.000000  506.000000    2.535698    0.005905  181.757812  169.200000   -1.327633 
 261.000000  507.000000    2.541601    0.005903  179.208984  167.400000   -1.026103 
 262.000000  508.000000    2.547507    0.005906  175.166016  165.600000   -0.729073 
 263.000000  510.000000    2.553403    0.005896  166.728516  162.000000   -1.026103 
 264.000000  511.000000    2.559433    0.006030  160.400391  160.200000    0.102010 
 265.000000  512.000000    2.565334    0.005901  154.599609  158.400000    0.714071 
 266.000000  513.000000    2.571235    0.005901  150.996094  156.600000    0.979598 
 267.000000  514.000000    2.577149    0.005914  149.238281  154.800000    0.846085 
 268.000000  516.000000    2.583056    0.005907  150.732422  151.200000    0.232523 
 269.000000  517.000000    2.588980    0.005924  152.050781  149.400000   -0.199520 
 270.000000  518.000000    2.594888    0.005908  153.193359  147.600000   -0.471047 
 271.000000  519.000000    2.600798    0.005910  153.544922  145.800000   -0.693069 
 272.000000  520.000000    2.606706    0.005908  152.314453  144.000000   -0.771077 
 273.000000  521.000000    2.612657    0.005951  150.117188  142.200000   -0.616562 
 274.000000  523.000000    2.618606    0.005949  144.052734  138.600000   -0.895590 
 275.000000  524.000000    2.624568    0.005962  140.361328  136.800000   -0.102010 
 276.000000  525.000000    2.630648    0.006081  136.845703  135.000000    0.087009 
 277.000000  526.000000    2.636580    0.005931  133.330078  133.200000    0.207021 
 278.000000  527.000000    2.642471    0.005892  131.484375  131.400000    0.348035 
 279.000000  529.000000    2.648317    0.005846  130.341797  127.800000   -0.250525 
 280.000000  530.000000    2.654261    0.005944  129.814453  126.000000   -0.237024 
 281.000000  531.000000    2.660169    0.005908  128.320312  124.200000   -0.343534 
 282.000000  532.000000    2.666091    0.005922  127.089844  122.400000   -0.246025 
 283.000000  533.000000    2.671994    0.005903  126.035156  120.600000   -0.328533 
 284.000000  534.000000    2.677908    0.005914  124.980469  118.800000   -0.414041 
 285.000000  536.000000    2.683812    0.005904  124.453125  115.200000   -0.765077 
 286.000000  537.000000    2.689720    0.005909  124.013672  113.400000   -0.861086 
 287.000000  538.000000    2.695622    0.005902  122.431641  111.600000   -0.931593 
 288.000000  539.000000    2.701523    0.005901  119.443359  109.800000   -0.805581 
 289.000000  540.000000    2.707422    0.005899  115.664062  108.000000   -0.528053 
 290.000000  542.000000    2.713321    0.005899  107.666016  104.400000   -0.903090 
 291.000000  543.000000    2.719226    0.005905  103.095703  102.600000    0.142514 
 292.000000  544.000000    2.725127    0.005901   98.173828  100.800000    0.429043 
 293.000000  545.000000    2.731029    0.005902   93.691406   99.000000    0.733573 
 294.000000  546.000000    2.736938    0.005909   92.109375   97.200000    0.900090 
 295.000000  548.000000    2.742957    0.006020   94.218750   93.600000    0.157516 
 296.000000  549.000000    2.748866    0.005908   96.064453   91.800000   -0.382538 
 297.000000  550.000000    2.754770    0.005905   97.734375   90.000000   -0.708071 
 298.000000  551.000000    2.760679    0.005909   97.558594   88.200000   -0.975098 
 299.000000  552.000000    2.766581    0.005902   95.888672   86.400000   -0.874587 
 300.000000  553.000000    2.772489    0.005907   92.460938   84.600000   -0.694569 
 301.000000  555.000000    2.778396    0.005907   85.429688   81.000000   -0.928593 
 302.000000  556.000000    2.784304    0.005908   81.035156   79.200000   -0.054005 
 303.000000  557.000000    2.790208    0.005904   75.761719   77.400000    0.285029 
 304.000000  558.000000    2.796117    0.005910   71.982422   75.600000    0.687069 
 305.000000  559.000000    2.802021    0.005904   69.697266   73.800000    0.658566 
 306.000000  561.000000    2.807977    0.005955   71.191406   70.200000    0.064506 
 307.000000  562.000000    2.814066    0.006089   73.212891   68.400000   -0.390039 
 308.000000  563.000000    2.820190    0.006123   74.794922   66.600000   -0.787579 
 309.000000  564.000000    2.826164    0.005974   74.091797   64.800000   -1.014101 
 310.000000  565.000000    2.832076    0.005912   72.070312   63.000000   -0.813081 
 311.000000  567.000000    2.837978    0.005902   65.917969   59.400000   -1.039604 
 312.000000  568.000000    2.843882    0.005904   62.402344   57.600000   -0.237024 
 313.000000  569.000000    2.849776    0.005894   57.304687   55.800000   -0.085509 
 314.000000  570.000000    2.855679    0.005902   53.876953   54.000000    0.391539 
 315.000000  571.000000    2.861582    0.005903   51.328125   52.200000    0.310531 
 316.000000  572.000000    2.867483    0.005902   50.097656   50.400000    0.259526 
 317.000000  574.000000    2.873383    0.005900   49.833984   46.800000   -0.265527 
 318.000000  575.000000    2.879292    0.005909   50.097656   45.000000   -0.417042 
 319.000000  576.000000    2.885302    0.006010   50.185547   43.200000   -0.600060 
 320.000000  577.000000    2.891191    0.005889   50.273438   41.400000   -0.736574 
 321.000000  578.000000    2.897098    0.005907   49.306641   39.600000   -0.894089 
 322.000000  580.000000    2.903008    0.005910   46.406250   36.000000   -1.107111 
 323.000000  581.000000    2.908914    0.005905   43.417969   34.200000   -0.804080 
 324.000000  582.000000    2.914815    0.005901   38.583984   32.400000   -0.537054 
 325.000000  583.000000    2.920693    0.005878   33.837891   30.600000   -0.049505 
 326.000000  584.000000    2.926594    0.005901   29.794922   28.800000    0.181518 
 327.000000  585.000000    2.932495    0.005901   26.982422   27.000000    0.277528 
 328.000000  587.000000    2.938400    0.005905   24.697266   23.400000   -0.310531 
 329.000000  588.000000    2.944307    0.005907   24.169922   21.600000   -0.190519 
 330.000000  589.000000    2.950206    0.005899   23.818359   19.800000   -0.307531 
 331.000000  592.000000    2.963005    0.012799   21.005859   14.400000   -0.798080 
 332.000000  595.000000    2.978708    0.015703   11.337891    9.000000   -1.020102 
 333.000000  598.000000    2.994280    0.015572   -3.691406    3.600000   -0.667567 
 334.000000  601.000000    3.011804    0.017524  -20.214844   -1.800000    0.139514 
 335.000000  603.000000    3.021616    0.009812  -25.048828   -5.400000    1.224122 
 336.000000  605.000000    3.032795    0.011179  -19.335938   -9.000000    1.338134 
 337.000000  610.000000    3.053295    0.020501    9.931641  -18.000000    0.129013 
 338.000000  614.000000    3.073728    0.020433   16.083984  -25.200000   -2.941794 
 339.000000  618.000000    3.093819    0.020091  -32.519531  -32.400000   -4.104410 
 340.000000  620.000000    3.106785    0.012966  -72.949219  -36.000000   -0.361536 
 341.000000  625.000000    3.128232    0.021447 -128.144531  -45.000000    2.296730 
 342.000000  629.000000    3.152408    0.024176 -108.720703  -52.200000    5.000000 
 343.000000  633.000000    3.169286    0.016878  -13.535156  -59.400000    4.249925 
 344.000000  638.000000    3.193415    0.024129  100.195312  -68.400000   -4.485449 
 345.000000  642.000000    3.214910    0.021495   56.689453  -75.600000   -5.000000 
 346.000000  646.000000    3.234433    0.019522  -58.798828  -82.800000   -5.000000 
 347.000000  650.000000    3.255925    0.021492 -181.669922  -90.000000   -2.922292 
 348.000000  654.000000    3.275498    0.019573 -272.109375  -97.200000    5.000000 
 349.000000  658.000000    3.293092    0.017595 -240.556641 -104.400000    5.000000 
 350.000000  661.000000    3.308851    0.015759 -164.355469 -109.800000    5.000000 
 351.000000  664.000000    3.326162    0.017311  -64.160156 -115.200000    4.260426 
 352.000000  668.000000    3.345693    0.019531   59.062500 -122.400000   -4.722472 
 353.000000  671.000000    3.362630    0.016937   65.214844 -127.800000   -5.000000 
 354.000000  676.000000    3.387448    0.024818  -42.275391 -136.800000   -5.000000 
 355.000000  679.000000    3.398447    0.010998 -144.228516 -142.200000   -5.000000 
 356.000000  683.000000    3.417971    0.019524 -288.984375 -149.400000   -0.825083 
 357.000000  686.000000    3.435549    0.017579 -360.791016 -154.800000    5.000000 
 358.000000  689.000000    3.449237    0.013688 -361.494141 -160.200000    5.000000 
 359.000000  693.000000    3.468759    0.019521 -278.701172 -167.400000    5.000000 
 360.000000  696.000000    3.486375    0.017616 -182.197266 -172.800000    5.000000 
 361.000000  699.000000    3.501823    0.015448  -71.279297 -178.200000    0.576058 
 362.000000  702.000000    3.517521    0.015698    7.207031 -176.400000   -5.000000 
 363.000000  707.000000    3.538994    0.021474  -24.433594 -167.400000   -5.000000 
 364.000000  710.000000    3.556177    0.017182 -105.644531 -162.000000   -5.000000 
 365.000000  715.000000    3.578056    0.021879 -280.458984 -153.000000   -4.084908 
 366.000000  718.000000    3.596162    0.018106 -368.964844 -147.600000    5.000000 
 367.000000  723.000000    3.619073    0.022911 -334.335938 -138.600000    5.000000 
 368.000000  727.000000    3.638603    0.019530 -219.199219 -131.400000    5.000000 
 369.000000  731.000000    3.660087    0.021484  -71.718750 -124.200000    5.000000 
 370.000000  735.000000    3.679619    0.019531   71.630859 -117.000000   -3.199820 
 371.000000  739.000000    3.699151    0.019532   91.318359 -109.800000   -5.000000 
 372.000000  743.000000    3.720635    0.021484    6.064453 -102.600000   -5.000000 
 373.000000  747.000000    3.740166    0.019532 -127.089844  -95.400000   -5.000000 
 374.000000  751.000000    3.759697    0.019530 -265.605469  -88.200000    3.258326 
 375.000000  755.000000    3.779274    0.019577 -284.238281  -81.000000    5.000000 
 376.000000  759.000000    3.800712    0.021439 -201.181641  -73.800000    5.000000 
 377.000000  763.000000    3.820336    0.019623  -68.291016  -66.600000    5.000000 
 378.000000  767.000000    3.841731    0.021396   80.947266  -59.400000    1.356136 
 379.000000  771.000000    3.861264    0.019533  173.408203  -52.200000   -5.000000 
 380.000000  775.000000    3.880791    0.019527  135.087891  -45.000000   -5.000000 
 381.000000  779.000000    3.902275    0.021484   22.060547  -37.800000   -5.000000 
 382.000000  783.000000    3.921806    0.019531 -124.804688  -30.600000   -4.470447 
 383.000000  787.000000    3.941337    0.019531 -258.398438  -23.400000    5.000000 
 384.000000  791.000000    3.962822    0.021485 -250.224609  -16.200000    5.000000 
 385.000000  795.000000    3.982354    0.019532 -150.996094   -9.000000    5.000000 
 386.000000  798.000000    3.995850    0.013496  -48.427734   -3.600000    5.000000 
 387.000000  801.000000    4.011651    0.015801   65.830078    1.800000    4.920492 
 388.000000  806.000000    4.033134    0.021483  221.660156   10.800000   -3.916892 
 389.000000  809.000000    4.052665    0.019531  214.892578   16.200000   -5.000000 
 390.000000  813.000000    4.072197    0.019531  124.804688   23.400000   -5.000000 
 391.000000  818.000000    4.093682    0.021485  -52.734375   32.400000   -5.000000 
 392.000000  822.000000    4.113213    0.019531 -161.191406   39.600000    5.000000 
 393.000000  825.000000    4.132744    0.019531 -144.052734   45.000000    5.000000 
 394.000000  830.000000    4.154228    0.021484  -15.820312   54.000000    5.000000 
 395.000000  834.000000    4.173760    0.019531  124.453125   61.200000    5.000000 
 396.000000  838.000000    4.193290    0.019531  228.603516   68.400000   -4.026403 
 397.000000  842.000000    4.214775    0.021484  200.830078   75.600000   -5.000000 
 398.000000  846.000000    4.234306    0.019531   94.394531   82.800000   -5.000000 
 399.000000  850.000000    4.253837    0.019531  -39.462891   90.000000   -0.082508 
 400.000000  854.000000    4.275321    0.021484 -102.041016   97.200000    5.000000 
 401.000000  857.000000    4.288255    0.012934  -69.873047  102.600000    5.000000 
 402.000000  860.000000    4.304620    0.016365    5.537109  108.000000    5.000000 
 403.000000  864.000000    4.324152    0.019532  143.173828  115.200000    5.000000 
 404.000000  868.000000    4.345635    0.021483  286.259766  122.400000   -0.873087 
 405.000000  872.000000    4.365166    0.019531  338.378906  129.600000   -5.000000 
 406.000000  876.000000    4.384697    0.019530  278.964844  136.800000   -5.000000 
 407.000000  878.000000    4.396417    0.011721  222.978516  140.400000   -5.000000 
 408.000000  882.000000    4.415947    0.019530   83.232422  147.600000   -5.000000 
 409.000000  886.000000    4.435478    0.019531  -54.140625  154.800000    5.000000 
 410.000000  890.000000    4.455009    0.019532  -49.482422  162.000000    5.000000 
 411.000000  894.000000    4.476493    0.021484   47.373047  169.200000    5.000000 
 412.000000  898.000000    4.496025    0.019532  186.767578  176.400000    5.000000 
 413.000000  902.000000    4.515556    0.019531  336.181641  176.400000   -0.106511 
 414.000000  906.000000    4.537041    0.021485  406.845703  169.200000   -5.000000 
 415.000000  910.000000    4.556572    0.019531  355.253906  162.000000   -5.000000 
 416.000000  914.000000    4.576103    0.019531  236.601562  154.800000   -5.000000 
 417.000000  918.000000    4.597587    0.021485   85.957031  147.600000   -5.000000 
 418.000000  920.000000    4.607354    0.009766    3.779297  144.000000    4.846985 
 419.000000  924.000000    4.626884    0.019530  -76.464844  136.800000    5.000000 
 420.000000  929.000000    4.648369    0.021485    2.724609  127.800000    5.000000 
 421.000000  932.000000    4.667900    0.019531   95.800781  122.400000    5.000000 
 422.000000  936.000000    4.687431    0.019531  241.347656  115.200000    2.229223 
 423.000000  941.000000    4.708915    0.021484  352.441406  106.200000   -5.000000 
 424.000000  945.000000    4.728447    0.019532  299.091797   99.000000   -5.000000 
 425.000000  949.000000    4.747978    0.019531  179.560547   91.800000   -5.000000 
 426.000000  953.000000    4.769463    0.021485   32.871094   84.600000   -5.000000 
 427.000000  957.000000    4.788994    0.019531  -79.365234   77.400000    3.556856 
 428.000000  961.000000    4.808525    0.019531  -61.259766   70.200000    5.000000 
 429.000000  965.000000    4.828059    0.019534   39.550781   63.000000    5.000000 
 430.000000  969.000000    4.849541    0.021482  152.138672   55.800000    1.578158 
 431.000000  973.000000    4.869072    0.019530  216.650391   48.600000   -5.000000 
 432.000000  977.000000    4.888604    0.019532  164.003906   41.400000   -5.000000 
 433.000000  979.000000    4.900323    0.011719  109.160156   37.800000   -5.000000 
 434.000000  983.000000    4.919853    0.019530  -28.564453   30.600000   -5.000000 
 435.000000  987.000000    4.939384    0.019531 -166.728516   23.400000    4.135914 
 436.000000  991.000000    4.960868    0.021484 -173.056641   16.200000    5.000000 
 437.000000  995.000000    4.980401    0.019532  -83.583984    9.000000    5.000000 
 438.000000  999.000000    4.999931    0.019531   53.173828    1.800000    5.000000 
 439.000000 1003.000000    5.021417    0.021486  189.228516   -5.400000   -4.570957 
 440.000000 1007.000000    5.038342    0.016925  189.755859  -12.600000   -5.000000 
 441.000000 1008.000000    5.043938    0.005596  172.001953  -14.400000   -5.000000 
 442.000000 1009.000000    5.049546    0.005608  149.501953  -16.200000   -5.000000 
 443.000000 1010.000000    5.055192    0.005646  123.837891  -18.000000   -5.000000 
 444.000000 1011.000000    5.060784    0.005593   95.097656  -19.800000   -5.000000 
 445.000000 1012.000000    5.066415    0.005630   62.226563  -21.600000   -5.000000 
 446.000000 1013.000000    5.072050    0.005635   28.476562  -23.400000   -3.120312 
 447.000000 1014.000000    5.077679    0.005629   -6.591797  -25.200000   -0.373537 
 448.000000 1016.000000    5.083328    0.005649  -68.554688  -28.800000   -2.130213 
 449.000000 1017.000000    5.088929    0.005600  -99.755859  -30.600000    5.000000 
 450.000000 1018.000000    5.094826    0.005897 -126.035156  -32.400000    5.000000 
 451.000000 1019.000000    5.100549    0.005723 -140.185547  -34.200000    5.000000 
 452.000000 1020.000000    5.106084    0.005535 -144.228516  -36.000000    5.000000 
 453.000000 1021.000000    5.111569    0.005485 -139.306641  -37.800000    5.000000 
 454.000000 1022.000000    5.117044    0.005475 -127.353516  -39.600000    5.000000 
 455.000000 1023.000000    5.122523    0.005479 -109.863281  -41.400000    5.000000 
 456.000000 1025.000000    5.127999    0.005476  -63.720703  -45.000000    5.000000 
 457.000000 1026.000000    5.133479    0.005480  -37.265625  -46.800000   -1.758176 
 458.000000 1027.000000    5.138958    0.005479  -11.601562  -48.600000   -4.429943 
 459.000000 1028.000000    5.144434    0.005476    5.009766  -50.400000   -5.000000 
 460.000000 1029.000000    5.149943    0.005509   12.128906  -52.200000   -5.000000 
 461.000000 1030.000000    5.155436    0.005493    9.052734  -54.000000   -5.000000 
 462.000000 1031.000000    5.160917    0.005481   -1.142578  -55.800000   -5.000000 
 463.000000 1032.000000    5.166423    0.005506  -17.226562  -57.600000   -3.517852 
 464.000000 1033.000000    5.171898    0.005475  -37.441406  -59.400000   -1.585659 
 465.000000 1034.000000    5.177372    0.005473  -58.447266  -61.200000    0.466547 
 466.000000 1035.000000    5.182867    0.005496  -77.519531  -63.000000    2.158716 
 467.000000 1037.000000    5.188343    0.005476 -100.283203  -66.600000    0.739574 
 468.000000 1038.000000    5.193890    0.005547 -108.544922  -68.400000    3.678368 
 469.000000 1039.000000    5.199760    0.005870 -111.884766  -70.200000    4.101410 
 470.000000 1040.000000    5.205286    0.005527 -107.753906  -72.000000    3.604860 
 471.000000 1041.000000    5.210805    0.005519  -98.349609  -73.800000    2.160216 
 472.000000 1042.000000    5.216329    0.005524  -86.132812  -75.600000    0.558056 
 473.000000 1043.000000    5.221854    0.005525  -73.037109  -77.400000   -0.963096 
 474.000000 1044.000000    5.227376    0.005522  -63.105469  -79.200000   -2.311731 
 475.000000 1045.000000    5.232896    0.005521  -57.480469  -81.000000   -2.880288 
 476.000000 1047.000000    5.238417    0.005521  -59.941406  -84.600000   -2.376238 
 477.000000 1048.000000    5.243939    0.005522  -65.566406  -86.400000   -1.920192 
 478.000000 1049.000000    5.249488    0.005549  -74.091797  -88.200000   -1.291629 
 479.000000 1050.000000    5.255012    0.005524  -82.617188  -90.000000   -0.364536 
 480.000000 1051.000000    5.260534    0.005522  -92.285156  -91.800000    0.190519 
 481.000000 1052.000000    5.266054    0.005520  -99.580078  -93.600000    0.990099 
 482.000000 1053.000000    5.271575    0.005521 -104.765625  -95.400000    1.140114 
 483.000000 1054.000000    5.277095    0.005520 -107.050781  -97.200000    1.152115 
 484.000000 1055.000000    5.282683    0.005589 -107.138672  -99.000000    0.820582 
 485.000000 1057.000000    5.288256    0.005573 -104.238281 -102.600000    0.238524 
 486.000000 1058.000000    5.293784    0.005528 -102.480469 -104.400000   -0.366037 
 487.000000 1059.000000    5.299306    0.005522 -100.195312 -106.200000   -0.672067 
 488.000000 1060.000000    5.304829    0.005523  -99.140625 -108.000000   -1.080108 
 489.000000 1061.000000    5.310352    0.005523  -99.931641 -109.800000   -1.161116 
 490.000000 1062.000000    5.315895    0.005543 -102.041016 -111.600000   -1.009601 
 491.000000 1063.000000    5.321422    0.005527 -105.205078 -113.400000   -0.816082 
 492.000000 1064.000000    5.326944    0.005522 -109.423828 -115.200000   -0.570057 
 493.000000 1065.000000    5.332464    0.005520 -113.378906 -117.000000   -0.234023 
 494.000000 1067.000000    5.338022    0.005558 -120.761719 -120.600000   -0.751575 
 495.000000 1068.000000    5.343542    0.005521 -124.189453 -122.400000    0.177018 
 496.000000 1069.000000    5.349079    0.005537 -126.562500 -124.200000    0.289529 
 497.000000 1070.000000    5.354600    0.005521 -128.320312 -126.000000    0.201020 
 498.000000 1071.000000    5.360121    0.005522 -129.814453 -127.800000    0.118512 
 499.000000 1072.000000    5.365642    0.005520 -130.517578 -129.600000    0.060006 
 500.000000 1073.000000    5.371162    0.005521 -130.693359 -131.400000   -0.132013 
 501.000000 1074.000000    5.376683    0.005521 -130.605469 -133.200000   -0.334533 
 502.000000 1075.000000    5.382228    0.005545 -130.429688 -135.000000   -0.526553 
 503.000000 1076.000000    5.387750    0.005522 -130.341797 -136.800000   -0.702070 
 504.000000 1078.000000    5.393273    0.005523 -131.660156 -140.400000   -0.988599 
 505.000000 1079.000000    5.398794    0.005521 -133.417969 -142.200000   -0.850585 
 506.000000 1080.000000    5.404317    0.005524 -136.230469 -144.000000   -0.811581 
 507.000000 1081.000000    5.409834    0.005517 -140.097656 -145.800000   -0.594059 
 508.000000 1082.000000    5.415381    0.005547 -143.876953 -147.600000   -0.288029 
 509.000000 1083.000000    5.420902    0.005521 -147.480469 -149.400000   -0.136514 
 510.000000 1084.000000    5.426423    0.005521 -150.908203 -151.200000   -0.010501 
 511.000000 1085.000000    5.431945    0.005522 -153.632812 -153.000000    0.102010 
 512.000000 1086.000000    5.437464    0.005519 -155.214844 -154.800000    0.088509 
 513.000000 1088.000000    5.442982    0.005518 -156.181641 -158.400000   -0.430543 
 514.000000 1089.000000    5.448523    0.005541 -156.357422 -160.200000   -0.444044 
 515.000000 1090.000000    5.454048    0.005525 -156.357422 -162.000000   -0.613561 
 516.000000 1091.000000    5.459568    0.005520 -157.675781 -163.800000   -0.786079 
 517.000000 1092.000000    5.465089    0.005521 -159.960938 -165.600000   -0.658566 
 518.000000 1093.000000    5.470607    0.005518 -163.388672 -167.400000   -0.495050 
 519.000000 1094.000000    5.476152    0.005544 -167.431641 -169.200000   -0.213021 
 520.000000 1095.000000    5.481696    0.005545 -169.541016 -171.000000    0.051005 
 521.000000 1096.000000    5.487219    0.005523 -171.386719 -172.800000   -0.172517 
 522.000000 1097.000000    5.492743    0.005524 -173.144531 -174.600000   -0.204020 
 523.000000 1099.000000    5.498264    0.005521 -176.220703 -178.200000   -0.595560 
 524.000000 1100.000000    5.503788    0.005524 -177.099609 -180.000000   -0.297030 
 525.000000 1101.000000    5.509311    0.005523 -177.802734 -178.200000   -0.454545 
 526.000000 1102.000000    5.515783    0.006472 -179.033203 -176.400000    0.195020 
 527.000000 1103.000000    5.521700    0.005918 -180.703125 -174.600000    0.514551 
 528.000000 1104.000000    5.527598    0.005898 -182.285156 -172.800000    0.861086 
 529.000000 1106.000000    5.533499    0.005901 -180.878906 -169.200000    1.080108 
 530.000000 1107.000000    5.539403    0.005904 -178.330078 -167.400000    0.957096 
 531.000000 1108.000000    5.545427    0.006024 -175.253906 -165.600000    0.729073 
 532.000000 1109.000000    5.551326    0.005899 -170.595703 -163.800000    0.558056 
 533.000000 1110.000000    5.557226    0.005900 -166.289062 -162.000000    0.118512 
 534.000000 1112.000000    5.563126    0.005900 -160.224609 -158.400000    0.663066 
 535.000000 1113.000000    5.569024    0.005898 -157.324219 -156.600000   -0.087009 
 536.000000 1114.000000    5.574934    0.005910 -154.687500 -154.800000   -0.154515 
 537.000000 1115.000000    5.580931    0.005997 -153.457031 -153.000000   -0.190519 
 538.000000 1116.000000    5.586829    0.005899 -152.314453 -151.200000    0.039004 
 539.000000 1117.000000    5.592728    0.005899 -151.611328 -149.400000    0.105011 
 540.000000 1119.000000    5.598625    0.005897 -150.996094 -145.800000    0.493549 
 541.000000 1120.000000    5.604516    0.005891 -150.732422 -144.000000    0.559556 
 542.000000 1121.000000    5.610410    0.005894 -149.414062 -142.200000    0.688569 
 543.000000 1122.000000    5.616321    0.005911 -148.271484 -140.400000    0.594059 
 544.000000 1123.000000    5.622222    0.005901 -146.777344 -138.600000    0.673567 
 545.000000 1125.000000    5.628133    0.005911 -141.679688 -135.000000    1.000600 
 546.000000 1126.000000    5.634050    0.005916 -138.164062 -133.200000    0.331533 
 547.000000 1127.000000    5.640004    0.005954 -134.208984 -131.400000    0.135014 
 548.000000 1128.000000    5.645961    0.005957 -130.429688 -129.600000   -0.100510 
 549.000000 1129.000000    5.651909    0.005948 -127.441406 -127.800000   -0.241524 
 550.000000 1130.000000    5.657915    0.006006 -126.035156 -126.000000   -0.237024 
 551.000000 1132.000000    5.663855    0.005939 -126.210937 -122.400000    0.330033 
 552.000000 1133.000000    5.669819    0.005965 -126.474609 -120.600000    0.552055 
 553.000000 1134.000000    5.675773    0.005953 -126.738281 -118.800000    0.702070 
 554.000000 1135.000000    5.681665    0.005893 -126.914062 -117.000000    0.874587 
 555.000000 1136.000000    5.687566    0.005901 -125.947266 -115.200000    1.029103 
 556.000000 1138.000000    5.693464    0.005898 -120.410156 -111.600000    1.231623 
 557.000000 1139.000000    5.699369    0.005905 -115.927734 -109.800000    0.448545 
 558.000000 1140.000000    5.705277    0.005908 -110.214844 -108.000000    0.126013 
 559.000000 1141.000000    5.711173    0.005896 -105.732422 -106.200000   -0.357036 
 560.000000 1142.000000    5.717079    0.005906 -102.568359 -104.400000   -0.420042 
 561.000000 1144.000000    5.722981    0.005902  -99.140625 -100.800000    0.192019 
 562.000000 1145.000000    5.728999    0.006019  -98.349609  -99.000000   -0.147015 
 563.000000 1146.000000    5.734903    0.005903  -97.734375  -97.200000    0.039004 
 564.000000 1147.000000    5.740804    0.005901  -97.558594  -95.400000    0.159016 
 565.000000 1148.000000    5.746706    0.005902  -97.734375  -93.600000    0.351035 
 566.000000 1149.000000    5.752601    0.005896  -97.910156  -91.800000    0.561056 
 567.000000 1151.000000    5.758498    0.005897  -97.119141  -88.200000    0.855086 
 568.000000 1152.000000    5.764392    0.005894  -95.361328  -86.400000    0.828083 
 569.000000 1153.000000    5.770282    0.005890  -92.812500  -84.600000    0.721572 
 570.000000 1154.000000    5.776187    0.005906  -90.087891  -82.800000    0.559556 
 571.000000 1155.000000    5.782089    0.005902  -86.220703  -81.000000    0.462046 
 572.000000 1157.000000    5.787997    0.005908  -79.892578  -77.400000    0.795080 
 573.000000 1158.000000    5.793904    0.005907  -77.695312  -75.600000    0.090009 
 574.000000 1159.000000    5.799931    0.006027  -73.740234  -73.800000    0.103510 
 575.000000 1160.000000    5.805829    0.005898  -71.279297  -72.000000   -0.301530 
 576.000000 1161.000000    5.811732    0.005903  -69.960938  -70.200000   -0.163516 
 577.000000 1162.000000    5.817635    0.005902  -69.433594  -68.400000    0.024002 
 578.000000 1164.000000    5.823625    0.005990  -69.082031  -64.800000    0.448545 
 579.000000 1165.000000    5.829627    0.006002  -69.169922  -63.000000    0.559556 
 580.000000 1166.000000    5.835584    0.005957  -68.291016  -61.200000    0.739574 
 581.000000 1167.000000    5.841531    0.005948  -66.445312  -59.400000    0.693069 
 582.000000 1168.000000    5.847480    0.005949  -63.544922  -57.600000    0.567057 
 583.000000 1170.000000    5.853387    0.005907  -57.744141  -54.000000    0.865587 
 584.000000 1171.000000    5.859278    0.005891  -53.085938  -52.200000    0.138014 
 585.000000 1172.000000    5.865239    0.005961  -48.691406  -50.400000   -0.301530 
 586.000000 1173.000000    5.871274    0.006034  -45.439453  -48.600000   -0.483048 
 587.000000 1174.000000    5.877177    0.005903  -43.417969  -46.800000   -0.457546 
 588.000000 1176.000000    5.883094    0.005918  -42.890625  -43.200000    0.091509 
 589.000000 1177.000000    5.889020    0.005926  -43.330078  -41.400000    0.219022 
 590.000000 1178.000000    5.894915    0.005895  -43.769531  -39.600000    0.439544 
 591.000000 1179.000000    5.900822    0.005907  -44.033203  -37.800000    0.625563 
 592.000000 1180.000000    5.906719    0.005897  -43.417969  -36.000000    0.775578 
 593.000000 1181.000000    5.912618    0.005899  -42.275391  -34.200000    0.763576 
 594.000000 1183.000000    5.918519    0.005901  -38.056641  -30.600000    1.050105 
 595.000000 1184.000000    5.924424    0.005906  -34.277344  -28.800000    0.511551 
 596.000000 1185.000000    5.930322    0.005898  -29.794922  -27.000000    0.202520 
 597.000000 1186.000000    5.936228    0.005906  -25.312500  -25.200000   -0.109511 
 598.000000 1187.000000    5.942257    0.006029  -22.236328  -23.400000   -0.331533 
 599.000000 1189.000000    5.948163    0.005907  -19.248047  -19.800000    0.289529 
 600.000000 1190.000000    5.954073    0.005910  -19.423828  -18.000000    0.111011 
 601.000000 1191.000000    5.959978    0.005905  -19.687500  -16.200000    0.376538 
 602.000000 1192.000000    5.965878    0.005900  -20.039062  -14.400000    0.559556 
 603.000000 1193.000000    5.971787    0.005908  -20.302734  -12.600000    0.751575 
 604.000000 1194.000000    5.977689    0.005902  -20.302734  -10.800000    0.913591 
 605.000000 1196.000000    5.983597    0.005908  -17.666016   -7.200000    1.182118 
 606.000000 1197.000000    5.989509    0.005912  -14.150391   -5.400000    0.856586 
 607.000000 1198.000000    5.995463    0.005954   -9.755859   -3.600000    0.523552 
 608.000000 1199.000000    6.001415    0.005952   -4.921875   -1.800000    0.196520 
 609.000000 1200.000000    6.007363    0.005949   -0.351562    0.000000   -0.109511 
 610.000000 1202.000000    6.013434    0.006071    5.273438    3.600000    0.433543 
 611.000000 1203.000000    6.019382    0.005947    7.470703    5.400000   -0.145515 
 612.000000 1204.000000    6.025294    0.005912   11.337891    7.200000   -0.201020 
 613.000000 1205.000000    6.031251    0.005957   12.656250    9.000000   -0.589559 
 614.000000 1206.000000    6.037155    0.005904   13.095703   10.800000   -0.222022 
 615.000000 1208.000000    6.043056    0.005901   11.250000   14.400000    0.208521 
 616.000000 1209.000000    6.048961    0.005905   10.371094   16.200000    0.648065 
 617.000000 1210.000000    6.054863    0.005902    9.580078   18.000000    0.849085 
 618.000000 1211.000000    6.060767    0.005904   10.019531   19.800000    1.054605 
 619.000000 1212.000000    6.066668    0.005901   11.865234   21.600000    1.011101 
 620.000000 1213.000000    6.072570    0.005903   15.029297   23.400000    0.829583 
 621.000000 1215.000000    6.078468    0.005898   23.730469   27.000000    1.108611 
 622.000000 1216.000000    6.084503    0.006035   29.091797   28.800000   -0.132013 
 623.000000 1217.000000    6.090392    0.005889   34.189453   30.600000   -0.450045 
 624.000000 1218.000000    6.096294    0.005903   39.199219   32.400000   -0.690069 
 625.000000 1219.000000    6.102202    0.005908   41.220703   34.200000   -0.946595 
 626.000000 1221.000000    6.108103    0.005901   40.781250   37.800000   -0.174017 
 627.000000 1222.000000    6.114011    0.005908   39.726562   39.600000    0.124512 
 628.000000 1223.000000    6.119911    0.005900   38.759766   41.400000    0.384038 
 629.000000 1224.000000    6.125810    0.005899   38.232422   43.200000    0.603060 
 630.000000 1225.000000    6.131710    0.005900   39.462891   45.000000    0.741074 
 631.000000 1226.000000    6.137611    0.005901   41.220703   46.800000    0.562556 
 632.000000 1228.000000    6.143519    0.005908   45.966797   50.400000    0.876088 
 633.000000 1229.000000    6.149418    0.005899   49.482422   52.200000    0.316532 
 634.000000 1230.000000    6.155404    0.005986   53.525391   54.000000    0.039004 
 635.000000 1231.000000    6.161298    0.005894   57.304687   55.800000   -0.214521 
 636.000000 1232.000000    6.167213    0.005915   59.238281   57.600000   -0.345035 
 637.000000 1234.000000    6.173114    0.005901   61.171875   61.200000    0.279028 
 638.000000 1235.000000    6.179075    0.005961   61.699219   63.000000    0.189019 
 639.000000 1236.000000    6.185031    0.005956   62.050781   64.800000    0.306031 
 640.000000 1237.000000    6.190991    0.005960   62.753906   66.600000    0.450045 
 641.000000 1238.000000    6.196946    0.005955   64.160156   68.400000    0.496550 
 642.000000 1239.000000    6.202884    0.005937   65.302734   70.200000    0.439544 
 643.000000 1241.000000    6.208836    0.005952   67.148438   73.800000    0.826583 
 644.000000 1242.000000    6.214807    0.005971   68.730469   75.600000    0.723072 
 645.000000 1243.000000    6.220709    0.005902   71.718750   77.400000    0.642064 
 646.000000 1244.000000    6.226697    0.005987   75.498047   79.200000    0.363036 
 647.000000 1245.000000    6.232595    0.005898   79.101562   81.000000    0.097510 
 648.000000 1247.000000    6.238491    0.005896   83.671875   84.600000    0.586559 
 649.000000 1248.000000    6.244397    0.005906   86.835938   86.400000    0.108011 
 650.000000 1249.000000    6.250293    0.005896   90.439453   88.200000   -0.165017 
 651.000000 1250.000000    6.256203    0.005910   91.845703   90.000000   -0.370537 
 652.000000 1251.000000    6.262199    0.005996   93.076172   91.800000   -0.055506 
 653.000000 1253.000000    6.268101    0.005902   95.185547   95.400000    0.321032 
 654.000000 1254.000000    6.274008    0.005907   96.064453   97.200000    0.171017 
 655.000000 1255.000000    6.279895    0.005887   96.064453   99.000000    0.259526 
 656.000000 1257.000000    6.288818    0.008923   95.888672  102.600000    0.672067 
 657.000000 1258.000000    6.295050    0.006232   95.712891  104.400000    0.850585 
 658.000000 1259.000000    6.301059    0.006009   97.558594  106.200000    1.027603 
 659.000000 1260.000000    6.307107    0.006048   99.843750  108.000000    0.765077 
 660.000000 1262.000000    6.313144    0.006038  106.875000  111.600000    1.117612 
 661.000000 1263.000000    6.319199    0.006054  110.742188  113.400000    0.163516 
 662.000000 1264.000000    6.325260    0.006061  115.136719  115.200000    0.015002 
 663.000000 1265.000000    6.331432    0.006173  119.619141  117.000000   -0.268527 
 664.000000 1266.000000    6.337561    0.006128  122.080078  118.800000   -0.502550 
 665.000000 1268.000000    6.344089    0.006528  123.222656  122.400000    0.168017 
 666.000000 1269.000000    6.350120    0.006031  123.222656  124.200000    0.201020 
 667.000000 1270.000000    6.356154    0.006034  123.222656  126.000000    0.372037 
 668.000000 1271.000000    6.362279    0.006125  123.134766  127.800000    0.522052 
 669.000000 1273.000000    6.368284    0.006005  124.628906  131.400000    0.831083 
 670.000000 1274.000000    6.374436    0.006152  126.914062  133.200000    0.666067 
 671.000000 1275.000000    6.380666    0.006229  129.990234  135.000000    0.525053 
 672.000000 1276.000000    6.386907    0.006241  133.417969  136.800000    0.318032 
 673.000000 1278.000000    6.392914    0.006007  139.570312  140.400000    0.732073 
 674.000000 1279.000000    6.398913    0.006000  142.119141  142.200000   -0.015002 
 675.000000 1280.000000    6.404880    0.005966  144.052734  144.000000   -0.019502 
 676.000000 1281.000000    6.410784    0.005904  145.722656  145.800000    0.048005 
 677.000000 1282.000000    6.416696    0.005912  147.128906  147.600000    0.093009 
 678.000000 1283.000000    6.422594    0.005898  148.271484  149.400000    0.160516 
 679.000000 1285.000000    6.428503    0.005909  149.941406  153.000000    0.546055 
 680.000000 1286.000000    6.434511    0.006008  150.556641  154.800000    0.466547 
 681.000000 1287.000000    6.440396    0.005885  152.138672  156.600000    0.577558 
 682.000000 1288.000000    6.446322    0.005926  153.544922  158.400000    0.472547 
 683.000000 1289.000000    6.452227    0.005905  155.039062  160.200000    0.528053 
 684.000000 1291.000000    6.458134    0.005907  160.400391  163.800000    0.888089 
 685.000000 1292.000000    6.464137    0.006003  163.388672  165.600000    0.264026 
 686.000000 1293.000000    6.470099    0.005962  166.728516  167.400000    0.109511 
 687.000000 1294.000000    6.476062    0.005963  169.892578  169.200000   -0.063006 
 688.000000 1295.000000    6.482015    0.005952  171.914062  171.000000   -0.153015 
 689.000000 1297.000000    6.487968    0.005954  173.583984  174.600000    0.385539 
 690.000000 1298.000000    6.493916    0.005948  173.232422  176.400000    0.373537 
 691.000000 1299.000000    6.500008    0.006092  172.968750  178.200000    0.621062 
 692.000000 1300.000000    6.505919    0.005911  172.792969  180.000000    0.781578 
 693.000000 1301.000000    6.511863    0.005944  172.705078  178.200000    0.936094 
 694.000000 1302.000000    6.517788    0.005925  174.111328  176.400000    0.319532 
 695.000000 1304.000000    6.523698    0.005910  177.978516  172.800000   -0.105011 
 696.000000 1305.000000    6.529610    0.005912  179.824219  171.000000   -0.826583 
 697.000000 1306.000000    6.535606    0.005996  181.318359  169.200000   -1.119112 
 698.000000 1307.000000    6.541519    0.005914  180.000000  167.400000   -1.350135 
 699.000000 1308.000000    6.547425    0.005906  176.923828  165.600000   -1.030603 
 700.000000 1310.000000    6.553328    0.005903  167.607422  162.000000   -1.251125 
 701.000000 1311.000000    6.559236    0.005908  161.630859  160.200000    0.085509 
 702.000000 1312.000000    6.565143    0.005907  155.830078  158.400000    0.487549 
 703.000000 1313.000000    6.571139    0.005996  150.908203  156.600000    0.796580 
 704.000000 1314.000000    6.577044    0.005905  148.447266  154.800000    0.943594 
 705.000000 1316.000000    6.582949    0.005906  149.326172  151.200000    0.217522 
 706.000000 1317.000000    6.588859    0.005910  151.171875  149.400000   -0.184518 
 707.000000 1318.000000    6.594769    0.005909  152.841797  147.600000   -0.544554 
 708.000000 1319.000000    6.600672    0.005903  152.402344  145.800000   -0.810081 
 709.000000 1320.000000    6.606587    0.005916  150.820312  144.000000   -0.652565 
 710.000000 1321.000000    6.612466    0.005879  148.447266  142.200000   -0.525053 
 711.000000 1323.000000    6.618388    0.005922  142.734375  138.600000   -0.834083 
 712.000000 1324.000000    6.624281    0.005893  139.833984  136.800000   -0.114011 
 713.000000 1325.000000    6.630237    0.005956  135.175781  135.000000   -0.046505 
 714.000000 1326.000000    6.636197    0.005959  132.626953  133.200000    0.417042 
 715.000000 1327.000000    6.642159    0.005962  131.044922  131.400000    0.207021 
 716.000000 1329.000000    6.648249    0.006090  129.990234  127.800000   -0.289529 
 717.000000 1330.000000    6.654161    0.005912  129.726562  126.000000   -0.283528 
 718.000000 1331.000000    6.660115    0.005953  128.671875  124.200000   -0.447045 
 719.000000 1332.000000    6.666031    0.005917  127.001953  122.400000   -0.406541 
 720.000000 1333.000000    6.671936    0.005904  125.595703  120.600000   -0.340534 
 721.000000 1335.000000    6.677930    0.005995  123.046875  117.000000   -0.739574 
 722.000000 1336.000000    6.683835    0.005905  122.167969  115.200000   -0.520552 
 723.000000 1337.000000    6.689737    0.005902  121.464844  113.400000   -0.645065 
 724.000000 1338.000000    6.695647    0.005910  119.443359  111.600000   -0.760576 
 725.000000 1339.000000    6.701556    0.005909  116.630859  109.800000   -0.574557 
 726.000000 1340.000000    6.707463    0.005907  113.291016  108.000000   -0.390039 
 727.000000 1342.000000    6.713458    0.005996  106.962891  104.400000   -0.777078 
 728.000000 1343.000000    6.719356    0.005898  103.359375  102.600000   -0.006001 
 729.000000 1344.000000    6.725252    0.005896   99.404297  100.800000    0.211521 
 730.000000 1345.000000    6.731148    0.005896   95.537109   99.000000    0.435044 
 731.000000 1346.000000    6.737056    0.005908   93.515625   97.200000    0.597060 
 732.000000 1348.000000    6.742967    0.005911   93.515625   93.600000   -0.031503 
 733.000000 1349.000000    6.748876    0.005909   94.306641   91.800000   -0.259526 
 734.000000 1350.000000    6.754779    0.005903   95.009766   90.000000   -0.498050 
 735.000000 1351.000000    6.760679    0.005900   95.537109   88.200000   -0.694569 
 736.000000 1352.000000    6.766582    0.005903   94.306641   86.400000   -0.867087 
 737.000000 1353.000000    6.772481    0.005899   92.285156   84.600000   -0.690069 
 738.000000 1355.000000    6.778388    0.005907   87.011719   81.000000   -0.984098 
 739.000000 1356.000000    6.784294    0.005906   83.056641   79.200000   -0.289529 
 740.000000 1357.000000    6.790385    0.006091   79.013672   77.400000   -0.010501 
 741.000000 1358.000000    6.796347    0.005963   74.794922   75.600000    0.186019 
 742.000000 1359.000000    6.802305    0.005958   71.718750   73.800000    0.409541 
 743.000000 1361.000000    6.808254    0.005949   69.345703   70.200000   -0.177018 
 744.000000 1362.000000    6.814217    0.005963   69.257812   68.400000   -0.049505 
 745.000000 1363.000000    6.820307    0.006090   69.609375   66.600000   -0.259526 
 746.000000 1364.000000    6.826224    0.005918   70.048828   64.800000   -0.495050 
 747.000000 1365.000000    6.832141    0.005916   70.312500   63.000000   -0.693069 
 748.000000 1367.000000    6.838056    0.005915   70.048828   59.400000   -0.961596 
 749.000000 1368.000000    6.843966    0.005910   68.554688   57.600000   -1.047105 
 750.000000 1369.000000    6.849865    0.005899   65.917969   55.800000   -0.927093 
 751.000000 1370.000000    6.855825    0.005960   62.050781   54.000000   -0.714071 
 752.000000 1371.000000    6.861727    0.005902   57.041016   52.200000   -0.385539 
 753.000000 1372.000000    6.867627    0.005900   52.382812   50.400000    0.025503 
 754.000000 1374.000000    6.873529    0.005902   45.878906   46.800000   -0.534053 
 755.000000 1375.000000    6.879435    0.005906   43.066406   45.000000    0.241524 
 756.000000 1376.000000    6.885334    0.005899   40.517578   43.200000    0.304530 
 757.000000 1377.000000    6.891232    0.005898   38.056641   41.400000    0.333033 
 758.000000 1378.000000    6.897136    0.005904   37.792969   39.600000    0.376538 
 759.000000 1380.000000    6.903040    0.005905   39.023438   36.000000   -0.216022 
 760.000000 1381.000000    6.908949    0.005908   39.902344   34.200000   -0.604560 
 761.000000 1382.000000    6.914854    0.005905   40.693359   32.400000   -0.805581 
 762.000000 1383.000000    6.920760    0.005906   40.429688   30.600000   -1.011101 
 763.000000 1384.000000    6.926668    0.005908   39.023438   28.800000   -1.005101 
 764.000000 1385.000000    6.932692    0.006023   36.386719   27.000000   -0.892589 
 765.000000 1387.000000    6.938599    0.005907   27.685547   23.400000   -1.159616 
 766.000000 1388.000000    6.944573    0.005975   21.796875   21.600000    0.058506 
 767.000000 1389.000000    6.950458    0.005885   16.083984   19.800000    0.510051 
 768.000000 1390.000000    6.956412    0.005954   12.304688   18.000000    0.813081 
 769.000000 1391.000000    6.962369    0.005957    9.931641   16.200000    0.729073 
 770.000000 1393.000000    6.968318    0.005949    9.843750   12.600000    0.142514 
 771.000000 1394.000000    6.974272    0.005954   10.107422   10.800000   -0.043504 
 772.000000 1395.000000    6.980239    0.005967   10.371094    9.000000   -0.202520 
 773.000000 1396.000000    6.986188    0.005949   10.458984    7.200000   -0.375038 
 774.000000 1397.000000    6.992150    0.005962   10.546875    5.400000   -0.508551 
 775.000000 1399.000000    6.998149    0.005999    7.998047    1.800000   -0.805581 
 776.000000 1400.000000    7.004058    0.005909    5.888672    0.000000   -0.553555 
 777.000000 1401.000000    7.009961    0.005903    3.427734   -1.800000   -0.450045 
 778.000000 1402.000000    7.015867    0.005906    0.703125   -3.600000   -0.351035 
 779.000000 1403.000000    7.021776    0.005909   -1.845703   -5.400000   -0.241524 
 780.000000 1404.000000    7.027679    0.005903   -4.218750   -7.200000   -0.204020 
 781.000000 1406.000000    7.033580    0.005900   -8.437500  -10.800000   -0.636064 
 782.000000 1407.000000    7.039492    0.005912  -10.107422  -12.600000   -0.175518 
 783.000000 1408.000000    7.045389    0.005898  -12.480469  -14.400000   -0.232523 
 784.000000 1409.000000    7.051287    0.005898  -15.292969  -16.200000   -0.094509 
 785.000000 1410.000000    7.057193    0.005906  -16.962891  -18.000000    0.046505 
 786.000000 1412.000000    7.063101    0.005908  -17.226562  -21.600000   -0.477048 
 787.000000 1413.000000    7.069008    0.005907  -16.875000  -23.400000   -0.628563 
 788.000000 1414.000000    7.075032    0.006024  -16.523438  -25.200000   -0.831083 
 789.000000 1415.000000    7.080935    0.005903  -16.259766  -27.000000   -1.012601 
 790.000000 1416.000000    7.086838    0.005902  -16.699219  -28.800000   -1.174617 
 791.000000 1417.000000    7.092745    0.005908  -18.457031  -30.600000   -1.200120 
 792.000000 1419.000000    7.098650    0.005905  -27.333984  -34.200000   -1.416142 
 793.000000 1420.000000    7.104562    0.005912  -33.134766  -36.000000   -0.184518 
 794.000000 1421.000000    7.110463    0.005901  -40.957031  -37.800000    0.247525 
 795.000000 1422.000000    7.116372    0.005909  -45.263672  -39.600000    1.008101 
 796.000000 1423.000000    7.122288    0.005916  -48.867188  -41.400000    0.763576 
 797.000000 1425.000000    7.128178    0.005891  -49.218750  -45.000000    0.213021 
 798.000000 1426.000000    7.134135    0.005956  -47.900391  -46.800000    0.025503 
 799.000000 1427.000000    7.140101    0.005967  -46.494141  -48.600000   -0.334533 
 800.000000 1428.000000    7.146179    0.006078  -45.175781  -50.400000   -0.612061 
 801.000000 1429.000000    7.152120    0.005941  -43.945312  -52.200000   -0.861086 
 802.000000 1431.000000    7.158079    0.005959  -46.669922  -55.800000   -1.095110 
 803.000000 1432.000000    7.164023    0.005944  -49.746094  -57.600000   -0.795080 
 804.000000 1433.000000    7.169925    0.005902  -53.173828  -59.400000   -0.520552 
 805.000000 1434.000000    7.175831    0.005907  -58.271484  -61.200000   -0.342034 
 806.000000 1435.000000    7.181735    0.005904  -61.962891  -63.000000    0.145515 
 807.000000 1436.000000    7.187636    0.005901  -64.423828  -64.800000    0.120012 
 808.000000 1438.000000    7.193542    0.005905  -68.906250  -68.400000   -0.450045 
 809.000000 1439.000000    7.199446    0.005905  -70.751953  -70.200000    0.055506 
 810.000000 1440.000000    7.205342    0.005896  -71.630859  -72.000000    0.013501 
 811.000000 1441.000000    7.211239    0.005896  -72.421875  -73.800000   -0.187519 
 812.000000 1442.000000    7.217273    0.006034  -73.037109  -75.600000   -0.282028 
 813.000000 1444.000000    7.223177    0.005904  -75.322266  -79.200000   -0.633063 
 814.000000 1445.000000    7.229087    0.005910  -76.904297  -81.000000   -0.435044 
 815.000000 1446.000000    7.234993    0.005907  -78.925781  -82.800000   -0.409541 
 816.000000 1447.000000    7.240893    0.005899  -80.771484  -84.600000   -0.336034 
 817.000000 1448.000000    7.246791    0.005899  -82.441406  -86.400000   -0.355536 
 818.000000 1449.000000    7.252688    0.005897  -83.847656  -88.200000   -0.390039 
 819.000000 1451.000000    7.258589    0.005901  -86.572266  -91.800000   -0.789079 
 820.000000 1452.000000    7.264493    0.005904  -89.560547  -93.600000   -0.532553 
 821.000000 1453.000000    7.270399    0.005906  -92.373047  -95.400000   -0.231023 
 822.000000 1454.000000    7.276304    0.005905  -95.800781  -97.200000   -0.171017 
 823.000000 1455.000000    7.282205    0.005902  -99.140625  -99.000000    0.042004 
 824.000000 1457.000000    7.288234    0.006029 -102.480469 -102.600000   -0.421542 
 825.000000 1458.000000    7.294136    0.005902 -103.623047 -104.400000   -0.123012 
 826.000000 1459.000000    7.300081    0.005945 -104.501953 -106.200000   -0.201020 
 827.000000 1460.000000    7.306045    0.005963 -105.205078 -108.000000   -0.312031 
 828.000000 1461.000000    7.311989    0.005945 -105.732422 -109.800000   -0.426043 
 829.000000 1463.000000    7.317955    0.005966 -108.896484 -113.400000   -0.774077 
 830.000000 1464.000000    7.323903    0.005948 -110.917969 -115.200000   -0.435044 
 831.000000 1465.000000    7.329852    0.005949 -113.906250 -117.000000   -0.384038 
 832.000000 1466.000000    7.335805    0.005954 -116.630859 -118.800000   -0.162016 
 833.000000 1467.000000    7.341697    0.005892 -119.179687 -120.600000   -0.120012 
 834.000000 1468.000000    7.347730    0.006033 -120.937500 -122.400000   -0.081008 
 835.000000 1470.000000    7.353627    0.005897 -123.574219 -126.000000   -0.562556 
 836.000000 1471.000000    7.359651    0.006024 -124.277344 -127.800000   -0.358536 
 837.000000 1472.000000    7.365545    0.005894 -124.892578 -129.600000   -0.495050 
 838.000000 1473.000000    7.371445    0.005900 -125.332031 -131.400000   -0.606061 
 839.000000 1474.000000    7.377360    0.005915 -126.914062 -133.200000   -0.744074 
 840.000000 1476.000000    7.383268    0.005908 -132.890625 -136.800000   -0.970597 
 841.000000 1477.000000    7.389182    0.005914 -136.582031 -138.600000   -0.172517 
 842.000000 1478.000000    7.395087    0.005905 -140.273438 -140.400000    0.006001 
 843.000000 1479.000000    7.400991    0.005904 -143.964844 -142.200000    0.163516 
 844.000000 1480.000000    7.406898    0.005907 -146.074219 -144.000000    0.321032 
 845.000000 1481.000000    7.412796    0.005898 -146.953125 -145.800000    0.142514 
 846.000000 1483.000000    7.418703    0.005907 -146.865234 -149.400000   -0.354035 
 847.000000 1484.000000    7.424606    0.005903 -146.689453 -151.200000   -0.546055 
 848.000000 1485.000000    7.430639    0.006033 -147.304688 -153.000000   -0.699070 
 849.000000 1486.000000    7.436541    0.005902 -148.974609 -154.800000   -0.697570 
 850.000000 1487.000000    7.442444    0.005903 -152.050781 -156.600000   -0.573057 
 851.000000 1489.000000    7.448346    0.005902 -157.763672 -160.200000   -0.835584 
 852.000000 1490.000000    7.454264    0.005918 -161.806641 -162.000000   -0.136514 
 853.000000 1491.000000    7.460185    0.005921 -166.904297 -163.800000    0.196520 
 854.000000 1492.000000    7.466077    0.005891 -169.716797 -165.600000    0.606061 
 855.000000 1493.000000    7.472030    0.005953 -171.562500 -167.400000    0.396040 
 856.000000 1495.000000    7.477988    0.005958 -172.353516 -171.000000   -0.109511 
 857.000000 1496.000000    7.483942    0.005955 -172.089844 -172.800000   -0.193519 
 858.000000 1497.000000    7.489897    0.005954 -171.826172 -174.600000   -0.397540 
 859.000000 1498.000000    7.495854    0.005958 -171.650391 -176.400000   -0.570057 
 860.000000 1499.000000    7.501935    0.006081 -172.089844 -178.200000   -0.723072 
 861.000000 1500.000000    7.507838    0.005903 -173.144531 -180.000000   -0.759076 
 862.000000 1502.000000    7.513735    0.005896 -177.275391 -176.400000   -0.267027 
 863.000000 1503.000000    7.519648    0.005913 -179.560547 -174.600000    0.553555 
 864.000000 1504.000000    7.525548    0.005900 -181.669922 -172.800000    0.859586 
 865.000000 1505.000000    7.531445    0.005897 -182.988281 -171.000000    1.164116 
 866.000000 1506.000000    7.537349    0.005904 -181.933594 -169.200000    1.323132 
 867.000000 1508.000000    7.543252    0.005903 -174.902344 -165.600000    1.371137 
 868.000000 1509.000000    7.549161    0.005909 -168.837891 -163.800000    0.418542 
 869.000000 1510.000000    7.555067    0.005906 -162.949219 -162.000000   -0.193519 
 870.000000 1511.000000    7.560975    0.005908 -158.027344 -160.200000   -0.510051 
 871.000000 1512.000000    7.566881    0.005906 -154.599609 -158.400000   -0.645065 
 872.000000 1513.000000    7.572911    0.006030 -152.929688 -156.600000   -0.588059 
 873.000000 1515.000000    7.578814    0.005904 -152.753906 -153.000000    0.012001 
 874.000000 1516.000000    7.584724    0.005910 -152.929688 -151.200000    0.169517 
 875.000000 1517.000000    7.590624    0.005900 -153.105469 -149.400000    0.334533 
 876.000000 1518.000000    7.596531    0.005907 -153.105469 -147.600000    0.499550 
 877.000000 1519.000000    7.602435    0.005904 -152.226562 -145.800000    0.627063 
 878.000000 1521.000000    7.608341    0.005906 -148.974609 -142.200000    0.856586 
 879.000000 1522.000000    7.614255    0.005914 -146.601562 -140.400000    0.487549 
 880.000000 1523.000000    7.620168    0.005913 -143.701172 -138.600000    0.385539 
 881.000000 1524.000000    7.626071    0.005904 -140.361328 -136.800000    0.228023 
 882.000000 1525.000000    7.631979    0.005908 -137.197266 -135.000000    0.045005 
 883.000000 1527.000000    7.637934    0.005955 -133.945312 -131.400000    0.513051 
 884.000000 1528.000000    7.643921    0.005987 -132.978516 -129.600000    0.268527 
 885.000000 1529.000000    7.649870    0.005949 -132.187500 -127.800000    0.339034 
 886.000000 1530.000000    7.655825    0.005956 -130.429688 -126.000000    0.445545 
 887.000000 1531.000000    7.661781    0.005955 -128.671875 -124.200000    0.325533 
 888.000000 1532.000000    7.667731    0.005950 -127.089844 -122.400000    0.330033 
 889.000000 1534.000000    7.673678    0.005947 -124.365234 -118.800000    0.727573 
 890.000000 1535.000000    7.679582    0.005904 -123.222656 -117.000000    0.483048 
 891.000000 1536.000000    7.685539    0.005957 -120.146484 -115.200000    0.561056 
 892.000000 1537.000000    7.691435    0.005896 -116.894531 -113.400000    0.207021 
 893.000000 1538.000000    7.697340    0.005906 -114.433594 -111.600000    0.066007 
 894.000000 1540.000000    7.703249    0.005909 -111.708984 -108.000000    0.580558 
 895.000000 1541.000000    7.709151    0.005902 -110.214844 -106.200000    0.369037 
 896.000000 1542.000000    7.715103    0.005952 -107.490234 -104.400000    0.339034 
 897.000000 1543.000000    7.721000    0.005897 -104.853516 -102.600000    0.105011 
 898.000000 1544.000000    7.726900    0.005900 -103.095703 -100.800000    0.046505 
 899.000000 1545.000000    7.732802    0.005901 -102.304688  -99.000000    0.165017 
 900.000000 1547.000000    7.738706    0.005904  -99.931641  -95.400000    0.625563 
 901.000000 1548.000000    7.744612    0.005906  -97.822266  -93.600000    0.364536 
 902.000000 1549.000000    7.750609    0.005997  -95.361328  -91.800000    0.283528 
 903.000000 1550.000000    7.756510    0.005900  -92.812500  -90.000000    0.184518 
 904.000000 1551.000000    7.762409    0.005900  -91.054688  -88.200000    0.112511 
 905.000000 1553.000000    7.768311    0.005902  -88.945312  -84.600000    0.595560 
 906.000000 1554.000000    7.774224    0.005913  -88.066406  -82.800000    0.435044 
 907.000000 1555.000000    7.780127    0.005904  -85.429688  -81.000000    0.535554 
 908.000000 1556.000000    7.786033    0.005905  -82.880859  -79.200000    0.240024 
 909.000000 1557.000000    7.791932    0.005899  -80.859375  -77.400000    0.190519 
 910.000000 1558.000000    7.797832    0.005900  -79.541016  -75.600000    0.241524 
 911.000000 1560.000000    7.803732    0.005900  -75.673828  -72.000000    0.693069 
 912.000000 1561.000000    7.809633    0.005901  -73.564453  -70.200000    0.228023 
 913.000000 1562.000000    7.815538    0.005905  -71.015625  -68.400000    0.226523 
 914.000000 1563.000000    7.821444    0.005906  -68.554688  -66.600000    0.108011 
 915.000000 1564.000000    7.827544    0.006100  -66.181641  -64.800000    0.066007 
 916.000000 1566.000000    7.833497    0.005954  -63.457031  -61.200000    0.486049 
 917.000000 1567.000000    7.839459    0.005962  -62.578125  -59.400000    0.285029 
 918.000000 1568.000000    7.845395    0.005935  -61.875000  -57.600000    0.373537 
 919.000000 1569.000000    7.851341    0.005947  -60.908203  -55.800000    0.487549 
 920.000000 1570.000000    7.857386    0.006045  -59.501953  -54.000000    0.525053 
 921.000000 1572.000000    7.863292    0.005906  -54.404297  -50.400000    0.834083 
 922.000000 1573.000000    7.869202    0.005910  -51.591797  -48.600000    0.199520 
 923.000000 1574.000000    7.875108    0.005906  -47.460938  -46.800000    0.115512 
 924.000000 1575.000000    7.881010    0.005902  -44.648438  -45.000000   -0.247525 
 925.000000 1576.000000    7.886905    0.005894  -42.802734  -43.200000   -0.160516 
 926.000000 1577.000000    7.892902    0.005997  -41.572266  -41.400000   -0.040504 
 927.000000 1579.000000    7.898809    0.005907  -41.835938  -37.800000    0.394539 
 928.000000 1580.000000    7.904714    0.005905  -42.099609  -36.000000    0.612061 
 929.000000 1581.000000    7.910615    0.005901  -42.275391  -34.200000    0.774077 
 930.000000 1582.000000    7.916522    0.005907  -42.011719  -32.400000    0.928593 
 931.000000 1583.000000    7.922427    0.005905  -40.957031  -30.600000    1.002100 
 932.000000 1585.000000    7.928329    0.005902  -34.980469  -27.000000    1.252625 
 933.000000 1586.000000    7.934237    0.005908  -29.970703  -25.200000    0.420042 
 934.000000 1587.000000    7.940143    0.005906  -24.257812  -23.400000   -0.003000 
 935.000000 1588.000000    7.946051    0.005907  -19.335938  -21.600000   -0.417042 
 936.000000 1589.000000    7.951953    0.005903  -16.435547  -19.800000   -0.574557 
 937.000000 1590.000000    7.957859    0.005906  -14.677734  -18.000000   -0.406541 
 938.000000 1592.000000    7.963762    0.005902  -13.007812  -14.400000    0.118512 
 939.000000 1593.000000    7.969786    0.006024  -12.919922  -12.600000    0.096010 
 940.000000 1594.000000    7.975690    0.005904  -12.919922  -10.800000    0.259526 
 941.000000 1595.000000    7.981595    0.005905  -13.007812   -9.000000    0.421542 
 942.000000 1596.000000    7.987548    0.005953  -13.007812   -7.200000    0.589559 
 943.000000 1598.000000    7.993436    0.005888  -10.986328   -3.600000    0.880588 
 944.000000 1599.000000    7.999391    0.005955   -8.964844   -1.800000    0.694569 
 945.000000 1600.000000    8.005337    0.005947   -6.328125    0.000000    0.586559 
 946.000000 1601.000000    8.011280    0.005942   -3.251953    1.800000    0.439544 
 947.000000 1602.000000    8.017250    0.005970    0.087891    3.600000    0.279028 
 948.000000 1604.000000    8.023193    0.005944    6.152344    7.200000    0.699070 
 949.000000 1605.000000    8.029154    0.005961    8.876953    9.000000   -0.028503 
 950.000000 1606.000000    8.035058    0.005904   12.216797   10.800000   -0.082508 
 951.000000 1607.000000    8.041124    0.006066   15.205078   12.600000   -0.289529 
 952.000000 1608.000000    8.047028    0.005904   15.996094   14.400000   -0.343534 
 953.000000 1610.000000    8.052927    0.005900   16.787109   18.000000    0.274527 
 954.000000 1611.000000    8.058838    0.005911   16.611328   19.800000    0.358536 
 955.000000 1612.000000    8.064738    0.005900   16.435547   21.600000    0.546055 
 956.000000 1613.000000    8.070642    0.005904   17.226562   23.400000    0.711071 
 957.000000 1614.000000    8.076544    0.005902   18.984375   25.200000    0.672067 
 958.000000 1615.000000    8.082446    0.005902   21.972656   27.000000    0.552055 
 959.000000 1617.000000    8.088346    0.005900   27.773438   30.600000    0.832583 
 960.000000 1618.000000    8.094256    0.005910   31.376953   32.400000    0.150015 
 961.000000 1619.000000    8.100165    0.005909   35.683594   34.200000   -0.112511 
 962.000000 1620.000000    8.106068    0.005903   39.199219   36.000000   -0.411041 
 963.000000 1621.000000    8.112097    0.006029   41.044922   37.800000   -0.453045 
 964.000000 1623.000000    8.118003    0.005906   42.363281   41.400000    0.144014 
 965.000000 1624.000000    8.123907    0.005904   42.275391   43.200000    0.162016 
 966.000000 1625.000000    8.129809    0.005901   42.099609   45.000000    0.352535 
 967.000000 1626.000000    8.135712    0.005903   42.011719   46.800000    0.528053 
 968.000000 1627.000000    8.141619    0.005907   41.923828   48.600000    0.675068 
 969.000000 1628.000000    8.147517    0.005898   42.802734   50.400000    0.832583 
 970.000000 1630.000000    8.153414    0.005897   46.318359   54.000000    1.051605 
 971.000000 1631.000000    8.159318    0.005904   49.833984   55.800000    0.628563 
 972.000000 1632.000000    8.165370    0.006051   53.876953   57.600000    0.318032 
 973.000000 1633.000000    8.171327    0.005958   57.919922   59.400000    0.064506 
 974.000000 1634.000000    8.177287    0.005960   61.787109   61.200000   -0.121512 
 975.000000 1636.000000    8.183332    0.006045   66.445312   64.800000    0.378038 
 976.000000 1637.000000    8.189276    0.005944   67.763672   66.600000   -0.052505 
 977.000000 1638.000000    8.195190    0.005914   68.994141   68.400000    0.010501 
 978.000000 1639.000000    8.201077    0.005887   70.839844   70.200000    0.069007 
 979.000000 1640.000000    8.207031    0.005954   72.509766   72.000000   -0.015002 
 980.000000 1642.000000    8.212931    0.005900   74.355469   75.600000    0.382538 
 981.000000 1643.000000    8.218839    0.005908   74.179688   77.400000    0.334533 
 982.000000 1644.000000    8.224738    0.005899   74.091797   79.200000    0.567057 
 983.000000 1645.000000    8.230641    0.005903   74.003906   81.000000    0.712571 
 984.000000 1646.000000    8.236540    0.005899   74.794922   82.800000    0.871587 
 985.000000 1647.000000    8.242446    0.005905   76.376953   84.600000    0.844584 
 986.000000 1649.000000    8.248347    0.005902   81.826172   88.200000    1.117612 
 987.000000 1650.000000    8.254376    0.006028   86.572266   90.000000    0.420042 
 988.000000 1651.000000    8.260279    0.005903   91.845703   91.800000   -0.037504 
 989.000000 1652.000000    8.266182    0.005903   96.416016   93.600000   -0.394539 
 990.000000 1653.000000    8.272088    0.005907   99.140625   95.400000   -0.534053 
 991.000000 1655.000000    8.277991    0.005902   99.843750   99.000000    0.126013 
 992.000000 1656.000000    8.283895    0.005904   98.964844  100.800000    0.262526 
 993.000000 1657.000000    8.289786    0.005891   98.173828  102.600000    0.553555 
 994.000000 1658.000000    8.295687    0.005901   97.470703  104.400000    0.757576 
 995.000000 1659.000000    8.301587    0.005901   97.734375  106.200000    0.955596 
 996.000000 1660.000000    8.307489    0.005902   99.228516  108.000000    0.960096 
 997.000000 1662.000000    8.313389    0.005899  105.380859  111.600000    1.174617 
 998.000000 1663.000000    8.319285    0.005896  109.951172  113.400000    0.327033 
 999.000000 1664.000000    8.325306    0.006021  115.048828  115.200000   -0.003000 
