-0.083000 -0.056000 -0.000600
-0.073000 -0.056000 -0.000600
-0.093000 -0.056000 -0.000600
-0.093000 -0.046000 -0.000600
-0.093000 -0.066000 -0.000600
-0.093000 -0.056000 -0.000400
-0.093000 -0.056000 -0.000800
-0.082000 -0.056000 -0.000600
-0.104000 -0.056000 -0.000600
-0.093000 -0.047000 -0.000600
-0.093000 -0.065000 -0.000600
-0.093000 -0.056000 -0.000420
-0.093000 -0.056000 -0.000780
-0.083100 -0.056000 -0.000600
-0.102900 -0.056000 -0.000600
-0.093000 -0.047900 -0.000600
-0.093000 -0.064100 -0.000600
-0.093000 -0.056000 -0.000438
-0.093000 -0.056000 -0.000762
-0.084090 -0.056000 -0.000600
-0.101910 -0.056000 -0.000600
-0.093000 -0.048710 -0.000600
-0.093000 -0.063290 -0.000600
-0.093000 -0.056000 -0.000454
-0.093000 -0.056000 -0.000746
-0.084981 -0.056000 -0.000600
-0.101019 -0.056000 -0.000600
-0.093000 -0.049439 -0.000600
-0.093000 -0.062561 -0.000600
-0.093000 -0.056000 -0.000469
-0.093000 -0.056000 -0.000731
-0.085783 -0.056000 -0.000731
-0.100217 -0.056000 -0.000731
-0.093000 -0.050095 -0.000731
-0.093000 -0.061905 -0.000731
-0.093000 -0.056000 -0.000587
-0.093000 -0.056000 -0.000876
-0.086505 -0.056000 -0.000731
-0.099495 -0.056000 -0.000731
-0.093000 -0.050686 -0.000731
-0.093000 -0.061314 -0.000731
-0.093000 -0.056000 -0.000601
-0.093000 -0.056000 -0.000861
-0.087154 -0.056000 -0.000731
-0.098846 -0.056000 -0.000731
-0.093000 -0.051217 -0.000731
-0.093000 -0.060783 -0.000731
-0.093000 -0.056000 -0.000614
-0.093000 -0.056000 -0.000848
-0.087739 -0.056000 -0.000731
-0.098261 -0.056000 -0.000731
-0.093000 -0.051695 -0.000731
-0.093000 -0.060305 -0.000731
-0.093000 -0.056000 -0.000626
-0.093000 -0.056000 -0.000836
-0.088265 -0.056000 -0.000731
-0.097735 -0.056000 -0.000731
-0.097735 -0.052126 -0.000731
-0.097735 -0.059874 -0.000731
-0.097735 -0.056000 -0.000637
-0.097735 -0.056000 -0.000826
-0.092526 -0.056000 -0.000731
-0.102944 -0.056000 -0.000731
-0.097735 -0.052513 -0.000731
-0.097735 -0.059487 -0.000731
-0.097735 -0.056000 -0.000646
-0.097735 -0.056000 -0.000816
-0.093047 -0.056000 -0.000731
-0.102423 -0.056000 -0.000731
-0.097735 -0.052862 -0.000731
-0.097735 -0.059138 -0.000731
-0.097735 -0.056000 -0.000655
-0.097735 -0.056000 -0.000808
-0.093516 -0.056000 -0.000731
-0.101954 -0.056000 -0.000731
-0.097735 -0.053176 -0.000731
-0.097735 -0.058824 -0.000731
-0.097735 -0.056000 -0.000662
-0.097735 -0.056000 -0.000800
-0.093938 -0.056000 -0.000731
-0.101532 -0.056000 -0.000731
-0.097735 -0.053458 -0.000731
-0.097735 -0.058542 -0.000731
-0.097735 -0.056000 -0.000669
-0.097735 -0.056000 -0.000793
-0.094318 -0.056000 -0.000731
-0.101153 -0.056000 -0.000731
-0.097735 -0.053712 -0.000731
-0.097735 -0.058288 -0.000731
-0.097735 -0.056000 -0.000675
-0.097735 -0.056000 -0.000787
-0.094659 -0.056000 -0.000731
-0.100811 -0.056000 -0.000731
-0.097735 -0.053941 -0.000731
-0.097735 -0.058059 -0.000731
-0.097735 -0.056000 -0.000681
-0.097735 -0.056000 -0.000782
-0.094967 -0.056000 -0.000731
-0.100503 -0.056000 -0.000731
-0.097735 -0.054147 -0.000731
-0.097735 -0.057853 -0.000731
-0.097735 -0.056000 -0.000686
-0.097735 -0.056000 -0.000777
-0.095244 -0.056000 -0.000731
-0.100226 -0.056000 -0.000731
-0.097735 -0.054332 -0.000731
-0.097735 -0.057668 -0.000731
-0.097735 -0.056000 -0.000690
-0.097735 -0.056000 -0.000772
-0.095493 -0.056000 -0.000731
-0.099977 -0.056000 -0.000731
-0.097735 -0.054499 -0.000731
-0.097735 -0.057501 -0.000731
-0.097735 -0.056000 -0.000695
-0.097735 -0.056000 -0.000768
-0.095717 -0.056000 -0.000731
-0.099753 -0.056000 -0.000731
-0.097735 -0.054649 -0.000731
-0.097735 -0.057351 -0.000731
-0.097735 -0.056000 -0.000698
-0.097735 -0.056000 -0.000764
-0.095919 -0.056000 -0.000731
-0.099551 -0.056000 -0.000731
-0.097735 -0.054784 -0.000731
-0.097735 -0.057216 -0.000731
-0.097735 -0.056000 -0.000702
-0.097735 -0.056000 -0.000761
-0.096101 -0.056000 -0.000731
-0.099370 -0.056000 -0.000731
-0.097735 -0.054906 -0.000731
-0.097735 -0.057094 -0.000731
-0.097735 -0.056000 -0.000704
-0.097735 -0.056000 -0.000758
-0.096264 -0.056000 -0.000731
-0.099206 -0.056000 -0.000731
-0.097735 -0.055015 -0.000731
-0.097735 -0.056985 -0.000731
-0.097735 -0.056000 -0.000707
-0.097735 -0.056000 -0.000755
-0.096411 -0.056000 -0.000731
-0.099059 -0.056000 -0.000731
-0.097735 -0.055114 -0.000731
-0.097735 -0.056886 -0.000731
-0.097735 -0.056000 -0.000710
-0.097735 -0.056000 -0.000753
-0.096544 -0.056000 -0.000731
-0.098927 -0.056000 -0.000731
-0.097735 -0.055202 -0.000731
-0.097735 -0.056798 -0.000731
-0.097735 -0.056000 -0.000712
-0.097735 -0.056000 -0.000751
-0.096663 -0.056000 -0.000731
-0.098808 -0.056000 -0.000731
-0.097735 -0.055282 -0.000731
-0.097735 -0.056718 -0.000731
-0.097735 -0.056000 -0.000714
-0.097735 -0.056000 -0.000749
-0.096770 -0.056000 -0.000731
-0.098700 -0.056000 -0.000731
-0.097735 -0.055354 -0.000731
-0.097735 -0.056646 -0.000731
-0.097735 -0.056000 -0.000715
-0.097735 -0.056000 -0.000747
-0.096866 -0.056000 -0.000731
-0.098604 -0.056000 -0.000731
-0.097735 -0.055419 -0.000731
-0.097735 -0.056581 -0.000731
-0.097735 -0.056000 -0.000717
-0.097735 -0.056000 -0.000745
-0.096953 -0.056000 -0.000731
-0.098517 -0.056000 -0.000731
-0.097735 -0.055477 -0.000731
-0.097735 -0.056523 -0.000731
-0.097735 -0.056000 -0.000718
-0.097735 -0.056000 -0.000744
-0.097032 -0.056000 -0.000731
-0.098439 -0.056000 -0.000731
-0.097735 -0.055529 -0.000731
-0.097735 -0.056471 -0.000731
-0.097735 -0.056000 -0.000720
-0.097735 -0.056000 -0.000743
-0.097102 -0.056000 -0.000731
-0.098368 -0.056000 -0.000731
-0.097735 -0.055576 -0.000731
-0.097735 -0.056424 -0.000731
-0.097735 -0.056000 -0.000721
-0.097735 -0.056000 -0.000742
-0.097165 -0.056000 -0.000731
-0.098305 -0.056000 -0.000731
-0.097735 -0.055618 -0.000731
-0.097735 -0.056382 -0.000731
-0.097735 -0.056000 -0.000722
-0.097735 -0.056000 -0.000741
-0.097222 -0.056000 -0.000731
-0.098248 -0.056000 -0.000731
-0.097735 -0.055657 -0.000731
-0.097735 -0.056343 -0.000731
-0.097735 -0.056000 -0.000723
-0.097735 -0.056000 -0.000740
-0.097273 -0.056000 -0.000731
-0.098197 -0.056000 -0.000731
-0.097735 -0.055691 -0.000731
-0.097735 -0.056309 -0.000731
-0.097735 -0.056000 -0.000724
-0.097735 -0.056000 -0.000739
-0.097320 -0.056000 -0.000731
-0.098151 -0.056000 -0.000731
-0.097735 -0.055722 -0.000731
-0.097735 -0.056278 -0.000731
-0.097735 -0.056000 -0.000724
-0.097735 -0.056000 -0.000738
-0.097361 -0.056000 -0.000731
-0.098109 -0.056000 -0.000731
-0.097735 -0.055750 -0.000731
-0.097735 -0.056250 -0.000731
-0.097735 -0.056000 -0.000725
-0.097735 -0.056000 -0.000737
-0.097399 -0.056000 -0.000731
-0.098072 -0.056000 -0.000731
-0.097735 -0.055775 -0.000731
-0.097735 -0.056225 -0.000731
