-0.083000 -0.056000 -0.000600 126.66129088127275 
-0.073000 -0.056000 -0.000600 104.96682203548008 
-0.093000 -0.056000 -0.000600 144.24628392019983 
-0.093000 -0.046000 -0.000600 116.06295369006718 
-0.093000 -0.066000 -0.000600 121.54496759150382 
-0.093000 -0.056000 -0.000400 125.119947312943 
-0.093000 -0.056000 -0.000800 120.25032829241235 
-0.082000 -0.056000 -0.000600 365.73461031553597 
-0.104000 -0.056000 -0.000600 165.50296325038929 
-0.093000 -0.047000 -0.000600 112.0972398344116 
-0.093000 -0.065000 -0.000600 110.16573940550657 
-0.093000 -0.056000 -0.000420 121.71171155843562 
-0.093000 -0.056000 -0.000780 120.51094821897149 
-0.083100 -0.056000 -0.000600 119.7442138887241 
-0.102900 -0.056000 -0.000600 108.0962589651933 
-0.093000 -0.047900 -0.000600 114.46680245775312 
-0.093000 -0.064100 -0.000600 115.59351701395714 
-0.093000 -0.056000 -0.000438 119.62412935290862 
-0.093000 -0.056000 -0.000762 115.81181598987156 
-0.084090 -0.056000 -0.000600 353.14472409232405 
-0.101910 -0.056000 -0.000600 111.45033709090148 
-0.093000 -0.048710 -0.000600 108.39694276545391 
-0.093000 -0.063290 -0.000600 127.42877592499454 
-0.093000 -0.056000 -0.000454 111.8592079492735 
-0.093000 -0.056000 -0.000746 116.41669952561861 
-0.084981 -0.056000 -0.000600 265.57772356803486 
-0.101019 -0.056000 -0.000600 107.78077386610831 
-0.093000 -0.049439 -0.000600 115.21057501989998 
-0.093000 -0.062561 -0.000600 132.17897688383266 
-0.093000 -0.056000 -0.000469 102.77983487660215 
-0.093000 -0.056000 -0.000731 114.244105098372 
-0.085783 -0.056000 -0.000731 155.56060985729889 
-0.100217 -0.056000 -0.000731 122.18943340663486 
-0.093000 -0.050095 -0.000731 113.21409566661369 
-0.093000 -0.061905 -0.000731 119.45759650443783 
-0.093000 -0.056000 -0.000587 114.14966978405958 
-0.093000 -0.056000 -0.000876 115.79446216239113 
-0.086505 -0.056000 -0.000731 367.83808659323881 
-0.099495 -0.056000 -0.000731 117.82112171310605 
-0.093000 -0.050686 -0.000731 176.86490272623084 
-0.093000 -0.061314 -0.000731 105.42561411316687 
-0.093000 -0.056000 -0.000601 108.19299197310096 
-0.093000 -0.056000 -0.000861 113.38712719383936 
-0.087154 -0.056000 -0.000731 172.18515649618107 
-0.098846 -0.056000 -0.000731 113.30440645181447 
-0.093000 -0.051217 -0.000731 106.00838517965764 
-0.093000 -0.060783 -0.000731 108.65624663933356 
-0.093000 -0.056000 -0.000614 110.28588009948361 
-0.093000 -0.056000 -0.000848 114.89549140732207 
-0.087739 -0.056000 -0.000731 379.50727720253559 
-0.098261 -0.056000 -0.000731 117.15898528627517 
-0.093000 -0.051695 -0.000731 109.63255443727572 
-0.093000 -0.060305 -0.000731 116.18124016045918 
-0.093000 -0.056000 -0.000626 104.33615809331151 
-0.093000 -0.056000 -0.000836 112.71994343721501 
-0.088265 -0.056000 -0.000731 102.03779893448906 
-0.097735 -0.056000 -0.000731 282.58212401257651 
-0.097735 -0.052126 -0.000731 142.7630503198491 
-0.097735 -0.059874 -0.000731 185.96726428380526 
-0.097735 -0.056000 -0.000637 120.94588535301655 
-0.097735 -0.056000 -0.000826 115.23593911171072 
-0.092526 -0.056000 -0.000731 222.03751237442498 
-0.102944 -0.056000 -0.000731 169.03816096982388 
-0.097735 -0.052513 -0.000731 169.62995269337983 
-0.097735 -0.059487 -0.000731 169.46524841372459 
-0.097735 -0.056000 -0.000646 144.81176061874609 
-0.097735 -0.056000 -0.000816 107.9517952505828 
-0.093047 -0.056000 -0.000731 385.868876608025 
-0.102423 -0.056000 -0.000731 145.6492349257683 
-0.097735 -0.052862 -0.000731 130.65700075017875 
-0.097735 -0.059138 -0.000731 152.59650290943364 
-0.097735 -0.056000 -0.000655 229.59976558737674 
-0.097735 -0.056000 -0.000808 141.93972548429105 
-0.093516 -0.056000 -0.000731 424.23426199117944 
-0.101954 -0.056000 -0.000731 108.71798597098996 
-0.097735 -0.053176 -0.000731 118.46798814720937 
-0.097735 -0.058824 -0.000731 206.14872797049594 
-0.097735 -0.056000 -0.000662 133.5238014024581 
-0.097735 -0.056000 -0.000800 118.67508611848496 
-0.093938 -0.056000 -0.000731 355.92730018367342 
-0.101532 -0.056000 -0.000731 127.39287903116356 
-0.097735 -0.053458 -0.000731 124.80979048747099 
-0.097735 -0.058542 -0.000731 149.28412761481528 
-0.097735 -0.056000 -0.000669 129.98645436162741 
-0.097735 -0.056000 -0.000793 113.19679185089353 
-0.094318 -0.056000 -0.000731 448.98826963170205 
-0.101153 -0.056000 -0.000731 181.85400149716838 
-0.097735 -0.053712 -0.000731 321.25656003050415 
-0.097735 -0.058288 -0.000731 149.94480712023037 
-0.097735 -0.056000 -0.000675 106.61457639842553 
-0.097735 -0.056000 -0.000787 122.50818748067803 
-0.094659 -0.056000 -0.000731 365.14891049709234 
-0.100811 -0.056000 -0.000731 117.08162806873158 
-0.097735 -0.053941 -0.000731 292.40390183415923 
-0.097735 -0.058059 -0.000731 164.55712143720163 
-0.097735 -0.056000 -0.000681 378.9545913203911 
-0.097735 -0.056000 -0.000782 104.3659826711968 
-0.094967 -0.056000 -0.000731 365.89393641483184 
-0.100503 -0.056000 -0.000731 313.78263896621837 
-0.097735 -0.054147 -0.000731 249.59379674630785 
-0.097735 -0.057853 -0.000731 247.78713069057858 
-0.097735 -0.056000 -0.000686 154.21397415902544 
-0.097735 -0.056000 -0.000777 124.1394861409955 
-0.095244 -0.056000 -0.000731 311.55378955226826 
-0.100226 -0.056000 -0.000731 245.86613659295759 
-0.097735 -0.054332 -0.000731 121.1566655932612 
-0.097735 -0.057668 -0.000731 116.29863896603214 
-0.097735 -0.056000 -0.000690 106.4706285386318 
-0.097735 -0.056000 -0.000772 180.26114022781394 
-0.095493 -0.056000 -0.000731 230.1520472951679 
-0.099977 -0.056000 -0.000731 132.00220775128392 
-0.097735 -0.054499 -0.000731 151.64156163809085 
-0.097735 -0.057501 -0.000731 112.23920884775892 
-0.097735 -0.056000 -0.000695 201.94129318176451 
-0.097735 -0.056000 -0.000768 167.28352298201384 
-0.095717 -0.056000 -0.000731 136.61698233587285 
-0.099753 -0.056000 -0.000731 257.0497770159721 
-0.097735 -0.054649 -0.000731 239.54268944249992 
-0.097735 -0.057351 -0.000731 103.71453742669932 
-0.097735 -0.056000 -0.000698 108.88984039169964 
-0.097735 -0.056000 -0.000764 144.90586475927347 
-0.095919 -0.056000 -0.000731 241.53290917718337 
-0.099551 -0.056000 -0.000731 342.45676093914818 
-0.097735 -0.054784 -0.000731 234.79508353318531 
-0.097735 -0.057216 -0.000731 130.97985480855445 
-0.097735 -0.056000 -0.000702 183.02624695353813 
-0.097735 -0.056000 -0.000761 120.44158635488711 
-0.096101 -0.056000 -0.000731 262.35914490666801 
-0.099370 -0.056000 -0.000731 234.43017352722478 
-0.097735 -0.054906 -0.000731 377.45050116807658 
-0.097735 -0.057094 -0.000731 142.82680575930371 
-0.097735 -0.056000 -0.000704 185.31240228665962 
-0.097735 -0.056000 -0.000758 245.78585564575849 
-0.096264 -0.056000 -0.000731 127.38540157605452 
-0.099206 -0.056000 -0.000731 390.47700453027858 
-0.097735 -0.055015 -0.000731 145.6511504172544 
-0.097735 -0.056985 -0.000731 142.02411623322041 
-0.097735 -0.056000 -0.000707 160.67081015703639 
-0.097735 -0.056000 -0.000755 116.77917582968291 
-0.096411 -0.056000 -0.000731 153.54234248775361 
-0.099059 -0.056000 -0.000731 246.89409647126075 
-0.097735 -0.055114 -0.000731 133.19655158779528 
-0.097735 -0.056886 -0.000731 325.29759681601479 
-0.097735 -0.056000 -0.000710 376.83915045884953 
-0.097735 -0.056000 -0.000753 160.68808778939325 
-0.096544 -0.056000 -0.000731 281.56162790302005 
-0.098927 -0.056000 -0.000731 222.59153157652699 
-0.097735 -0.055202 -0.000731 175.03836835226957 
-0.097735 -0.056798 -0.000731 160.45582350042551 
-0.097735 -0.056000 -0.000712 114.67522015329821 
-0.097735 -0.056000 -0.000751 137.93364502164724 
-0.096663 -0.056000 -0.000731 197.70880945550135 
-0.098808 -0.056000 -0.000731 226.54854430058001 
-0.097735 -0.055282 -0.000731 166.33105408714854 
-0.097735 -0.056718 -0.000731 331.11686371534216 
-0.097735 -0.056000 -0.000714 192.20674520891527 
-0.097735 -0.056000 -0.000749 218.9329262674143 
-0.096770 -0.056000 -0.000731 302.33003048120872 
-0.098700 -0.056000 -0.000731 331.67087002343419 
-0.097735 -0.055354 -0.000731 106.4720465733635 
-0.097735 -0.056646 -0.000731 123.77307217671911 
-0.097735 -0.056000 -0.000715 304.51516969945374 
-0.097735 -0.056000 -0.000747 134.39096591601623 
-0.096866 -0.056000 -0.000731 311.79387703968149 
-0.098604 -0.056000 -0.000731 191.84023620205875 
-0.097735 -0.055419 -0.000731 313.74530897948864 
-0.097735 -0.056581 -0.000731 308.47029385474906 
-0.097735 -0.056000 -0.000717 301.82468605894127 
-0.097735 -0.056000 -0.000745 126.77228761141545 
-0.096953 -0.056000 -0.000731 271.96750111345654 
-0.098517 -0.056000 -0.000731 308.3474615326499 
-0.097735 -0.055477 -0.000731 143.5524344934494 
-0.097735 -0.056523 -0.000731 144.346909608586 
-0.097735 -0.056000 -0.000718 152.56036244912534 
-0.097735 -0.056000 -0.000744 335.10173090573164 
-0.097032 -0.056000 -0.000731 283.71750228339431 
-0.098439 -0.056000 -0.000731 170.65856447393537 
-0.097735 -0.055529 -0.000731 228.35884141107371 
-0.097735 -0.056471 -0.000731 144.81750368048503 
-0.097735 -0.056000 -0.000720 129.71181221239365 
-0.097735 -0.056000 -0.000743 132.2518814048276 
-0.097102 -0.056000 -0.000731 284.35949310894767 
-0.098368 -0.056000 -0.000731 145.69940535694448 
-0.097735 -0.055576 -0.000731 118.25460360114734 
-0.097735 -0.056424 -0.000731 203.0336273712395 
-0.097735 -0.056000 -0.000721 176.98129257537946 
-0.097735 -0.056000 -0.000742 150.11152564020983 
-0.097165 -0.056000 -0.000731 392.7775436530996 
-0.098305 -0.056000 -0.000731 118.05947431070763 
-0.097735 -0.055618 -0.000731 116.07511195916757 
-0.097735 -0.056382 -0.000731 111.21714460434826 
-0.097735 -0.056000 -0.000722 117.77807680668265 
-0.097735 -0.056000 -0.000741 131.58115397654444 
-0.097222 -0.056000 -0.000731 220.24557141270486 
-0.098248 -0.056000 -0.000731 216.19591365995981 
-0.097735 -0.055657 -0.000731 239.59668706218702 
-0.097735 -0.056343 -0.000731 138.98327477549981 
-0.097735 -0.056000 -0.000723 156.31591198436519 
-0.097735 -0.056000 -0.000740 121.23007465167711 
-0.097273 -0.056000 -0.000731 226.2060949559681 
-0.098197 -0.056000 -0.000731 303.41230847474964 
-0.097735 -0.055691 -0.000731 158.12473501086117 
-0.097735 -0.056309 -0.000731 348.08650240963709 
-0.097735 -0.056000 -0.000724 324.68460052620401 
-0.097735 -0.056000 -0.000739 187.98610407613563 
-0.097320 -0.056000 -0.000731 209.24330799724262 
-0.098151 -0.056000 -0.000731 336.92977646659563 
-0.097735 -0.055722 -0.000731 150.36849874989073 
-0.097735 -0.056278 -0.000731 131.66592701237843 
-0.097735 -0.056000 -0.000724 119.96243386059326 
-0.097735 -0.056000 -0.000738 113.68412411724304 
-0.097361 -0.056000 -0.000731 130.77295185537318 
-0.098109 -0.056000 -0.000731 115.21500837260888 
-0.097735 -0.055750 -0.000731 245.59164165506613 
-0.097735 -0.056250 -0.000731 120.24688237178005 
-0.097735 -0.056000 -0.000725 342.29861905444051 
-0.097735 -0.056000 -0.000737 135.82274704378639 
-0.097399 -0.056000 -0.000731 159.39030578616902 
-0.098072 -0.056000 -0.000731 267.29721880018161 
-0.097735 -0.055775 -0.000731 249.37478573520465 
