126.66129088127275 
104.96682203548008 
144.24628392019983 
116.06295369006718 
121.54496759150382 
125.119947312943 
120.25032829241235 
365.73461031553597 
165.50296325038929 
112.0972398344116 
110.16573940550657 
121.71171155843562 
120.51094821897149 
119.7442138887241 
108.0962589651933 
114.46680245775312 
115.59351701395714 
119.62412935290862 
115.81181598987156 
353.14472409232405 
111.45033709090148 
108.39694276545391 
127.42877592499454 
111.8592079492735 
116.41669952561861 
265.57772356803486 
107.78077386610831 
115.21057501989998 
132.17897688383266 
102.77983487660215 
114.244105098372 
155.56060985729889 
122.18943340663486 
113.21409566661369 
119.45759650443783 
114.14966978405958 
115.79446216239113 
367.83808659323881 
117.82112171310605 
176.86490272623084 
105.42561411316687 
108.19299197310096 
113.38712719383936 
172.18515649618107 
113.30440645181447 
106.00838517965764 
108.65624663933356 
110.28588009948361 
114.89549140732207 
379.50727720253559 
117.15898528627517 
109.63255443727572 
116.18124016045918 
104.33615809331151 
112.71994343721501 
102.03779893448906 
282.58212401257651 
142.7630503198491 
185.96726428380526 
120.94588535301655 
115.23593911171072 
222.03751237442498 
169.03816096982388 
169.62995269337983 
169.46524841372459 
144.81176061874609 
107.9517952505828 
385.868876608025 
145.6492349257683 
130.65700075017875 
152.59650290943364 
229.59976558737674 
141.93972548429105 
424.23426199117944 
108.71798597098996 
118.46798814720937 
206.14872797049594 
133.5238014024581 
118.67508611848496 
355.92730018367342 
127.39287903116356 
124.80979048747099 
149.28412761481528 
129.98645436162741 
113.19679185089353 
448.98826963170205 
181.85400149716838 
321.25656003050415 
149.94480712023037 
106.61457639842553 
122.50818748067803 
365.14891049709234 
117.08162806873158 
292.40390183415923 
164.55712143720163 
378.9545913203911 
104.3659826711968 
365.89393641483184 
313.78263896621837 
249.59379674630785 
247.78713069057858 
154.21397415902544 
124.1394861409955 
311.55378955226826 
245.86613659295759 
121.1566655932612 
116.29863896603214 
106.4706285386318 
180.26114022781394 
230.1520472951679 
132.00220775128392 
151.64156163809085 
112.23920884775892 
201.94129318176451 
167.28352298201384 
136.61698233587285 
257.0497770159721 
239.54268944249992 
103.71453742669932 
108.88984039169964 
144.90586475927347 
241.53290917718337 
342.45676093914818 
234.79508353318531 
130.97985480855445 
183.02624695353813 
120.44158635488711 
262.35914490666801 
234.43017352722478 
377.45050116807658 
142.82680575930371 
185.31240228665962 
245.78585564575849 
127.38540157605452 
390.47700453027858 
145.6511504172544 
142.02411623322041 
160.67081015703639 
116.77917582968291 
153.54234248775361 
246.89409647126075 
133.19655158779528 
325.29759681601479 
376.83915045884953 
160.68808778939325 
281.56162790302005 
222.59153157652699 
175.03836835226957 
160.45582350042551 
114.67522015329821 
137.93364502164724 
197.70880945550135 
226.54854430058001 
166.33105408714854 
331.11686371534216 
192.20674520891527 
218.9329262674143 
302.33003048120872 
331.67087002343419 
106.4720465733635 
123.77307217671911 
304.51516969945374 
134.39096591601623 
311.79387703968149 
191.84023620205875 
313.74530897948864 
308.47029385474906 
301.82468605894127 
126.77228761141545 
271.96750111345654 
308.3474615326499 
143.5524344934494 
144.346909608586 
152.56036244912534 
335.10173090573164 
283.71750228339431 
170.65856447393537 
228.35884141107371 
144.81750368048503 
129.71181221239365 
132.2518814048276 
284.35949310894767 
145.69940535694448 
118.25460360114734 
203.0336273712395 
176.98129257537946 
150.11152564020983 
392.7775436530996 
118.05947431070763 
116.07511195916757 
111.21714460434826 
117.77807680668265 
131.58115397654444 
220.24557141270486 
216.19591365995981 
239.59668706218702 
138.98327477549981 
156.31591198436519 
121.23007465167711 
226.2060949559681 
303.41230847474964 
158.12473501086117 
348.08650240963709 
324.68460052620401 
187.98610407613563 
209.24330799724262 
336.92977646659563 
150.36849874989073 
131.66592701237843 
119.96243386059326 
113.68412411724304 
130.77295185537318 
115.21500837260888 
245.59164165506613 
120.24688237178005 
342.29861905444051 
135.82274704378639 
159.39030578616902 
267.29721880018161 
249.37478573520465 
